function: (64-bit) modular addition
unit: all measurements in seconds
profiled: seq no-vec | seq auto-vec | seq loop-unrolled | avx2 | avx2 loop-unrolled | avx512 | avx512 loop-unrolled
bitsize: 60

len/func	s-novec		s-vec		s-unr		avx2		avx2u		avx512		avx512u
10		1.130e-08	7.840e-09	1.050e-08	7.850e-09	9.090e-09	8.240e-09	9.500e-09
35		3.480e-08	1.290e-08	1.730e-08	1.550e-08	1.440e-08	1.730e-08	1.160e-08
60		5.840e-08	1.490e-08	1.740e-08	1.600e-08	1.790e-08	1.450e-08	1.520e-08
85		8.840e-08	2.030e-08	2.260e-08	2.300e-08	2.250e-08	1.870e-08	1.890e-08
110		1.110e-07	2.440e-08	2.990e-08	2.900e-08	2.870e-08	2.210e-08	2.610e-08
135		1.360e-07	3.740e-08	3.550e-08	3.540e-08	3.280e-08	2.730e-08	2.680e-08
160		1.590e-07	3.270e-08	3.630e-08	3.740e-08	3.280e-08	2.790e-08	2.690e-08
185		1.830e-07	4.420e-08	4.800e-08	4.980e-08	4.550e-08	3.790e-08	3.880e-08
210		2.070e-07	4.850e-08	5.370e-08	5.890e-08	5.610e-08	3.800e-08	3.650e-08
360		3.480e-07	7.440e-08	8.090e-08	8.470e-08	7.450e-08	5.970e-08	5.860e-08
510		4.890e-07	1.070e-07	1.200e-07	1.260e-07	1.090e-07	8.170e-08	8.040e-08
660		6.300e-07	1.330e-07	1.460e-07	1.570e-07	1.310e-07	1.010e-07	9.510e-08
810		7.720e-07	1.650e-07	1.860e-07	1.940e-07	1.720e-07	1.380e-07	1.340e-07
960		9.130e-07	1.940e-07	2.110e-07	2.260e-07	1.870e-07	1.520e-07	1.410e-07
1110		1.050e-06	2.220e-07	2.450e-07	2.610e-07	2.340e-07	1.870e-07	1.850e-07
1260		1.200e-06	2.510e-07	2.750e-07	2.940e-07	2.480e-07	1.860e-07	1.860e-07
1410		1.340e-06	3.580e-07	3.680e-07	4.140e-07	3.490e-07	2.970e-07	2.830e-07
1560		1.480e-06	5.430e-07	5.430e-07	5.250e-07	5.620e-07	5.090e-07	5.340e-07
1710		1.630e-06	5.620e-07	5.650e-07	5.940e-07	5.270e-07	5.440e-07	5.280e-07
1860		1.760e-06	5.530e-07	5.590e-07	6.000e-07	5.280e-07	5.260e-07	5.340e-07
2010		1.900e-06	6.590e-07	6.640e-07	7.050e-07	6.230e-07	6.390e-07	6.270e-07
2160		2.040e-06	6.420e-07	6.470e-07	6.970e-07	6.110e-07	6.900e-07	6.730e-07
2310		2.200e-06	8.710e-07	8.750e-07	9.000e-07	8.020e-07	7.720e-07	7.550e-07
2460		2.330e-06	7.310e-07	7.380e-07	7.970e-07	7.110e-07	7.000e-07	7.070e-07
2610		2.470e-06	8.850e-07	8.900e-07	9.260e-07	8.920e-07	9.560e-07	9.340e-07
2760		2.610e-06	8.180e-07	8.240e-07	8.900e-07	7.870e-07	8.800e-07	8.590e-07
2910		2.750e-06	9.500e-07	9.530e-07	1.000e-06	8.940e-07	9.240e-07	8.980e-07
3060		3.010e-06	9.490e-07	9.550e-07	1.030e-06	8.990e-07	8.530e-07	8.550e-07
3210		3.040e-06	1.050e-06	1.060e-06	1.120e-06	1.000e-06	1.020e-06	9.950e-07
3360		3.170e-06	1.010e-06	1.020e-06	1.080e-06	9.900e-07	1.140e-06	1.140e-06
3510		3.320e-06	1.150e-06	1.160e-06	1.220e-06	1.080e-06	1.120e-06	1.090e-06
3660		3.460e-06	1.090e-06	1.100e-06	1.180e-06	1.050e-06	1.130e-06	1.180e-06
3810		3.600e-06	1.240e-06	1.250e-06	1.330e-06	1.170e-06	1.220e-06	1.190e-06
3960		3.740e-06	1.170e-06	1.180e-06	1.270e-06	1.130e-06	1.260e-06	1.240e-06
4110		4.060e-06	1.690e-06	1.690e-06	1.760e-06	1.640e-06	1.460e-06	1.430e-06
4260		4.030e-06	1.250e-06	1.260e-06	1.370e-06	1.190e-06	1.180e-06	1.200e-06
4410		4.170e-06	1.440e-06	1.450e-06	1.540e-06	1.360e-06	1.390e-06	1.360e-06
4560		4.310e-06	1.340e-06	1.360e-06	1.460e-06	1.290e-06	1.450e-06	1.410e-06
4710		4.460e-06	1.530e-06	1.550e-06	1.620e-06	1.440e-06	1.500e-06	1.460e-06
4860		4.590e-06	1.440e-06	1.460e-06	1.590e-06	1.390e-06	1.350e-06	1.350e-06
5010		4.730e-06	1.630e-06	1.630e-06	1.750e-06	1.550e-06	1.580e-06	1.550e-06
5160		4.870e-06	1.700e-06	1.710e-06	1.740e-06	1.650e-06	1.930e-06	1.900e-06
5310		5.020e-06	1.730e-06	1.740e-06	1.810e-06	1.630e-06	1.670e-06	1.640e-06
5460		5.160e-06	1.610e-06	1.620e-06	1.740e-06	1.540e-06	1.490e-06	1.500e-06
5610		5.340e-06	1.840e-06	1.840e-06	1.960e-06	1.750e-06	1.770e-06	1.730e-06
5760		5.440e-06	1.700e-06	1.720e-06	1.850e-06	1.630e-06	1.820e-06	1.770e-06
5910		5.580e-06	2.060e-06	2.070e-06	2.140e-06	2.080e-06	2.030e-06	2.010e-06
6060		5.730e-06	1.800e-06	1.800e-06	1.960e-06	1.710e-06	1.670e-06	1.670e-06
6210		5.860e-06	2.040e-06	2.040e-06	2.170e-06	1.960e-06	2.080e-06	2.110e-06
6360		6.000e-06	1.890e-06	1.930e-06	2.040e-06	1.800e-06	2.010e-06	1.960e-06
6510		6.140e-06	2.110e-06	2.140e-06	2.230e-06	1.980e-06	2.060e-06	2.010e-06
6660		7.610e-06	3.340e-06	3.350e-06	3.540e-06	3.360e-06	2.650e-06	2.570e-06
6810		6.430e-06	2.220e-06	2.220e-06	2.360e-06	2.090e-06	2.170e-06	2.090e-06
6960		6.580e-06	2.040e-06	2.060e-06	2.220e-06	1.960e-06	2.240e-06	2.170e-06
7110		6.720e-06	2.310e-06	2.310e-06	2.450e-06	2.180e-06	2.260e-06	2.210e-06
7260		6.860e-06	2.150e-06	2.150e-06	2.330e-06	2.050e-06	2.260e-06	2.310e-06
7410		7.000e-06	2.410e-06	2.430e-06	2.580e-06	2.280e-06	2.340e-06	2.310e-06
7560		7.130e-06	2.220e-06	2.270e-06	2.430e-06	2.120e-06	2.390e-06	2.330e-06
7710		7.290e-06	2.980e-06	2.980e-06	3.010e-06	2.950e-06	2.770e-06	2.760e-06
7860		7.430e-06	2.320e-06	2.340e-06	2.510e-06	2.210e-06	2.150e-06	2.160e-06
8192		9.770e-06	3.080e-06	3.090e-06	3.200e-06	2.960e-06	2.940e-06	2.820e-06
16384		1.620e-05	6.270e-06	7.010e-06	6.450e-06	5.950e-06	5.910e-06	6.230e-06
32768		3.170e-05	1.370e-05	1.390e-05	1.430e-05	1.350e-05	1.270e-05	1.240e-05
65536		7.070e-05	5.330e-05	5.320e-05	5.440e-05	5.390e-05	5.470e-05	5.450e-05
131072		1.460e-04	1.240e-04	1.250e-04	1.250e-04	1.240e-04	1.250e-04	1.240e-04
262144		2.920e-04	2.490e-04	2.490e-04	2.490e-04	2.510e-04	2.500e-04	2.500e-04
524288		5.920e-04	7.580e-04	7.580e-04	7.990e-04	7.960e-04	7.650e-04	6.340e-04
1048576		1.440e-03	1.920e-03	1.930e-03	2.040e-03	2.030e-03	1.920e-03	1.540e-03
2097152		5.810e-03	5.470e-03	5.500e-03	5.750e-03	5.680e-03	5.630e-03	4.870e-03
4194304		1.420e-02	1.220e-02	1.220e-02	1.310e-02	1.230e-02	1.060e-02	1.080e-02
