function: (64-bit) modular addition
unit: all measurements in seconds
profiled: seq no-vec | seq auto-vec | seq loop-unrolled | avx2 | avx2 loop-unrolled | avx512 | avx512 loop-unrolled
bitsize: 60

len/func	s-novec		s-vec		s-unr		avx2		avx2u		avx512		avx512u
10		6.480e-09	3.760e-09	3.890e-09	3.800e-09	4.170e-09	3.780e-09	3.930e-09
35		1.960e-08	6.380e-09	6.440e-09	6.510e-09	6.220e-09	7.120e-09	6.930e-09
60		3.210e-08	9.860e-09	1.000e-08	8.090e-09	7.960e-09	9.430e-09	8.280e-09
85		4.970e-08	1.080e-08	1.070e-08	1.170e-08	9.600e-09	1.160e-08	1.110e-08
110		6.420e-08	1.630e-08	1.720e-08	1.540e-08	1.260e-08	1.590e-08	1.550e-08
135		7.800e-08	2.040e-08	2.130e-08	1.840e-08	1.500e-08	1.980e-08	1.890e-08
160		8.740e-08	2.280e-08	2.430e-08	2.010e-08	1.510e-08	1.970e-08	1.950e-08
185		1.030e-07	2.790e-08	2.730e-08	2.500e-08	2.340e-08	2.400e-08	2.380e-08
210		1.160e-07	3.140e-08	3.060e-08	2.700e-08	2.720e-08	2.790e-08	2.570e-08
360		1.990e-07	5.100e-08	5.110e-08	4.630e-08	3.770e-08	4.230e-08	4.220e-08
510		2.600e-07	7.220e-08	7.260e-08	6.040e-08	5.390e-08	6.040e-08	6.030e-08
660		3.420e-07	8.780e-08	8.550e-08	7.480e-08	6.410e-08	7.750e-08	7.460e-08
810		4.330e-07	1.140e-07	1.130e-07	9.450e-08	8.450e-08	9.310e-08	9.200e-08
960		4.890e-07	1.320e-07	1.280e-07	1.040e-07	9.320e-08	1.130e-07	1.100e-07
1110		5.820e-07	1.570e-07	1.620e-07	1.250e-07	1.160e-07	1.300e-07	1.240e-07
1260		6.490e-07	1.690e-07	1.720e-07	1.350e-07	1.320e-07	1.380e-07	1.390e-07
1410		7.630e-07	2.070e-07	2.110e-07	1.820e-07	1.850e-07	1.710e-07	1.670e-07
1560		8.630e-07	2.730e-07	2.850e-07	2.650e-07	2.680e-07	2.440e-07	2.630e-07
1710		9.500e-07	2.940e-07	2.930e-07	3.070e-07	2.970e-07	2.930e-07	3.030e-07
1860		1.020e-06	3.110e-07	3.250e-07	3.220e-07	3.220e-07	3.210e-07	3.080e-07
2010		1.150e-06	3.730e-07	3.670e-07	3.420e-07	3.580e-07	3.630e-07	3.630e-07
2160		1.190e-06	3.700e-07	3.770e-07	3.770e-07	3.700e-07	3.790e-07	3.680e-07
2310		1.290e-06	4.360e-07	4.270e-07	4.300e-07	4.170e-07	4.260e-07	4.170e-07
2460		1.340e-06	4.310e-07	4.200e-07	4.400e-07	4.310e-07	4.220e-07	4.130e-07
2610		1.470e-06	4.790e-07	4.590e-07	4.890e-07	4.790e-07	4.680e-07	4.620e-07
2760		1.580e-06	4.820e-07	4.910e-07	4.830e-07	4.910e-07	4.810e-07	4.900e-07
2910		1.620e-06	5.190e-07	5.090e-07	5.280e-07	5.140e-07	5.250e-07	5.160e-07
3060		1.730e-06	5.290e-07	5.340e-07	5.340e-07	5.430e-07	5.340e-07	5.210e-07
3210		1.790e-06	5.670e-07	5.690e-07	5.740e-07	5.770e-07	5.700e-07	5.660e-07
3360		1.820e-06	6.030e-07	6.030e-07	5.950e-07	6.050e-07	5.900e-07	5.790e-07
3510		2.040e-06	6.230e-07	6.310e-07	6.350e-07	6.220e-07	6.270e-07	6.270e-07
3660		1.990e-06	6.380e-07	6.230e-07	6.610e-07	6.580e-07	6.320e-07	6.260e-07
3810		2.150e-06	6.730e-07	6.780e-07	6.920e-07	6.890e-07	6.690e-07	6.760e-07
3960		2.130e-06	6.960e-07	6.910e-07	6.980e-07	6.860e-07	6.780e-07	6.820e-07
4110		2.260e-06	9.480e-07	9.460e-07	7.690e-07	7.660e-07	9.700e-07	9.690e-07
4260		2.320e-06	7.400e-07	7.380e-07	7.610e-07	7.600e-07	7.220e-07	7.250e-07
4410		2.540e-06	7.640e-07	7.720e-07	7.880e-07	7.870e-07	7.820e-07	7.870e-07
4560		2.450e-06	7.990e-07	7.950e-07	8.160e-07	8.100e-07	7.940e-07	7.940e-07
4710		2.700e-06	8.280e-07	8.210e-07	8.530e-07	8.420e-07	8.450e-07	8.430e-07
4860		2.740e-06	8.550e-07	8.560e-07	8.630e-07	8.590e-07	8.450e-07	8.430e-07
5010		2.860e-06	9.030e-07	8.910e-07	9.050e-07	9.010e-07	8.830e-07	8.760e-07
5160		2.770e-06	9.520e-07	9.580e-07	9.370e-07	9.280e-07	9.430e-07	9.430e-07
5310		2.950e-06	1.010e-06	9.480e-07	9.630e-07	9.520e-07	9.520e-07	9.560e-07
5460		2.970e-06	9.460e-07	9.430e-07	9.700e-07	9.660e-07	9.230e-07	1.000e-06
5610		3.090e-06	9.910e-07	9.890e-07	1.007e-06	1.000e-06	1.030e-06	1.090e-06
5760		3.100e-06	1.010e-06	1.008e-06	1.050e-06	1.010e-06	9.980e-07	1.080e-06
5910		3.240e-06	1.060e-06	1.020e-06	1.050e-06	1.040e-06	1.110e-06	1.080e-06
6060		3.230e-06	1.030e-06	1.080e-06	1.060e-06	1.060e-06	1.080e-06	1.010e-06
6210		3.430e-06	1.050e-06	1.080e-06	1.130e-06	1.180e-06	1.090e-06	1.080e-06
6360		3.410e-06	1.090e-06	1.120e-06	1.210e-06	1.120e-06	1.080e-06	1.090e-06
6510		3.600e-06	1.130e-06	1.150e-06	1.180e-06	1.140e-06	1.120e-06	1.120e-06
6660		4.180e-06	1.900e-06	1.710e-06	1.220e-06	1.220e-06	1.900e-06	1.720e-06
6810		3.780e-06	1.170e-06	1.170e-06	1.220e-06	1.280e-06	1.200e-06	1.170e-06
6960		3.750e-06	1.180e-06	1.300e-06	1.260e-06	1.270e-06	1.190e-06	1.170e-06
7110		4.220e-06	1.230e-06	1.240e-06	1.270e-06	1.290e-06	1.240e-06	1.250e-06
7260		4.010e-06	1.230e-06	1.240e-06	1.360e-06	1.320e-06	1.330e-06	1.230e-06
7410		4.130e-06	1.290e-06	1.360e-06	1.380e-06	1.310e-06	1.290e-06	1.310e-06
7560		4.140e-06	1.340e-06	1.300e-06	1.330e-06	1.340e-06	1.280e-06	1.280e-06
7710		4.310e-06	1.510e-06	1.470e-06	1.390e-06	1.470e-06	1.500e-06	1.440e-06
7860		4.240e-06	1.380e-06	1.350e-06	1.390e-06	1.420e-06	1.310e-06	1.310e-06
8192		5.580e-06	1.430e-06	1.440e-06	1.530e-06	1.640e-06	1.470e-06	1.410e-06
16384		9.120e-06	2.800e-06	2.920e-06	3.050e-06	3.070e-06	2.900e-06	2.880e-06
32768		1.760e-05	6.360e-06	6.290e-06	6.710e-06	6.820e-06	6.250e-06	6.130e-06
65536		3.670e-05	1.410e-05	1.460e-05	1.440e-05	1.440e-05	1.500e-05	1.390e-05
131072		7.250e-05	2.870e-05	2.790e-05	2.980e-05	2.920e-05	2.750e-05	2.720e-05
262144		1.560e-04	5.670e-05	5.820e-05	6.100e-05	5.960e-05	5.820e-05	5.780e-05
524288		2.960e-04	1.270e-04	1.340e-04	1.450e-04	1.700e-04	1.300e-04	1.250e-04
1048576		6.860e-04	4.390e-04	4.620e-04	4.950e-04	5.230e-04	4.470e-04	4.720e-04
2097152		1.490e-03	1.050e-03	1.110e-03	1.290e-03	1.220e-03	1.180e-03	1.080e-03
4194304		3.920e-03	2.790e-03	2.840e-03	2.870e-03	2.870e-03	2.780e-03	2.750e-03
