function: (64-bit) modular addition
unit: all measurements in seconds
profiled: seq no-vec | seq auto-vec | seq loop-unrolled | flint | avx2 | avx2 loop-unrolled | avx512 | avx512 loop-unrolled
bitsize: 60

len/func	s-novec		s-vec		s-unr		flint		avx2		avx2u		avx512		avx512u
10		1.220e-08	8.950e-09	1.590e-08	1.000e-08	8.920e-09	1.010e-08	1.070e-08	1.040e-08
35		3.960e-08	1.430e-08	1.920e-08	1.540e-08	1.620e-08	1.630e-08	1.360e-08	1.790e-08
60		6.650e-08	1.650e-08	1.850e-08	1.760e-08	2.020e-08	1.960e-08	1.620e-08	1.750e-08
85		9.900e-08	2.240e-08	2.530e-08	2.400e-08	2.780e-08	2.720e-08	2.040e-08	2.140e-08
110		1.230e-07	2.770e-08	3.200e-08	2.910e-08	3.210e-08	3.020e-08	2.800e-08	2.530e-08
135		1.510e-07	4.120e-08	3.930e-08	3.550e-08	3.910e-08	3.830e-08	2.940e-08	2.890e-08
160		1.760e-07	3.670e-08	4.070e-08	4.020e-08	4.420e-08	4.350e-08	3.120e-08	2.920e-08
185		2.080e-07	5.050e-08	5.650e-08	6.020e-08	6.180e-08	5.340e-08	4.690e-08	4.510e-08
210		2.340e-07	6.450e-08	6.730e-08	6.240e-08	7.450e-08	6.590e-08	5.300e-08	5.140e-08
360		3.930e-07	8.560e-08	1.030e-07	9.060e-08	9.860e-08	8.800e-08	7.300e-08	6.940e-08
510		5.550e-07	1.570e-07	1.380e-07	1.280e-07	1.500e-07	1.250e-07	9.610e-08	9.340e-08
660		7.450e-07	1.500e-07	1.870e-07	1.730e-07	1.830e-07	1.510e-07	1.220e-07	1.090e-07
810		9.090e-07	1.940e-07	2.270e-07	2.000e-07	2.350e-07	1.940e-07	1.580e-07	1.500e-07
960		1.090e-06	2.760e-07	2.430e-07	2.220e-07	2.530e-07	2.090e-07	2.060e-07	1.560e-07
1110		1.310e-06	2.480e-07	2.760e-07	2.560e-07	3.230e-07	3.890e-07	3.500e-07	3.320e-07
1260		2.220e-06	4.350e-07	3.040e-07	3.030e-07	3.260e-07	2.690e-07	2.070e-07	2.200e-07
1410		1.440e-06	3.950e-07	4.220e-07	4.100e-07	4.560e-07	4.030e-07	3.270e-07	3.610e-07
1560		2.400e-06	6.560e-07	5.880e-07	6.140e-07	5.720e-07	5.870e-07	5.420e-07	5.550e-07
1710		1.810e-06	6.170e-07	6.180e-07	6.060e-07	6.480e-07	5.770e-07	6.000e-07	5.580e-07
1860		1.950e-06	6.100e-07	6.440e-07	6.200e-07	6.570e-07	6.320e-07	5.850e-07	5.670e-07
2010		2.140e-06	7.170e-07	7.250e-07	7.260e-07	8.010e-07	6.770e-07	6.980e-07	6.730e-07
2160		2.250e-06	7.020e-07	7.240e-07	7.350e-07	7.710e-07	7.170e-07	7.340e-07	7.160e-07
2310		2.530e-06	9.300e-07	9.540e-07	9.590e-07	9.750e-07	8.650e-07	8.460e-07	8.070e-07
2460		2.570e-06	1.000e-06	8.170e-07	8.250e-07	8.840e-07	7.690e-07	7.530e-07	7.500e-07
2610		2.770e-06	1.090e-06	9.780e-07	9.810e-07	1.080e-06	9.580e-07	1.000e-06	9.830e-07
2760		2.920e-06	9.470e-07	9.180e-07	9.340e-07	9.810e-07	8.550e-07	9.630e-07	9.110e-07
2910		3.050e-06	1.080e-06	1.370e-06	1.260e-06	1.420e-06	1.180e-06	1.150e-06	1.100e-06
3060		4.970e-06	1.350e-06	1.420e-06	1.310e-06	1.250e-06	9.720e-07	9.310e-07	9.190e-07
3210		3.840e-06	1.130e-06	1.140e-06	1.130e-06	1.220e-06	1.070e-06	1.090e-06	1.040e-06
3360		3.550e-06	1.140e-06	1.120e-06	1.110e-06	1.170e-06	1.070e-06	1.200e-06	1.180e-06
3510		4.080e-06	1.230e-06	1.250e-06	1.210e-06	1.320e-06	1.170e-06	1.180e-06	1.150e-06
3660		3.800e-06	1.210e-06	1.400e-06	1.250e-06	1.310e-06	1.110e-06	1.190e-06	1.230e-06
3810		4.420e-06	1.480e-06	1.790e-06	1.660e-06	1.850e-06	1.560e-06	1.500e-06	1.410e-06
3960		4.700e-06	1.330e-06	1.300e-06	1.320e-06	1.760e-06	1.220e-06	1.350e-06	1.280e-06
4110		4.530e-06	1.790e-06	2.030e-06	1.810e-06	1.880e-06	1.750e-06	1.560e-06	1.520e-06
4260		4.870e-06	1.420e-06	1.410e-06	1.400e-06	1.540e-06	1.290e-06	1.250e-06	1.280e-06
4410		4.650e-06	1.570e-06	1.590e-06	1.570e-06	1.680e-06	1.470e-06	1.480e-06	1.420e-06
4560		4.790e-06	1.470e-06	1.490e-06	1.510e-06	1.570e-06	1.400e-06	1.530e-06	1.480e-06
4710		4.940e-06	1.650e-06	1.680e-06	1.660e-06	1.910e-06	1.620e-06	1.590e-06	1.540e-06
4860		5.530e-06	1.890e-06	1.580e-06	1.600e-06	1.720e-06	1.470e-06	1.420e-06	1.420e-06
5010		5.610e-06	1.750e-06	1.770e-06	1.770e-06	1.900e-06	1.640e-06	1.670e-06	1.610e-06
5160		5.440e-06	1.920e-06	1.940e-06	1.900e-06	1.950e-06	1.920e-06	2.010e-06	1.950e-06
5310		5.560e-06	1.830e-06	1.890e-06	1.840e-06	2.000e-06	1.730e-06	1.770e-06	1.730e-06
5460		5.700e-06	1.770e-06	1.780e-06	1.750e-06	1.900e-06	1.660e-06	1.580e-06	1.580e-06
5610		5.910e-06	1.970e-06	1.970e-06	1.970e-06	2.110e-06	1.880e-06	1.860e-06	1.830e-06
5760		6.330e-06	1.820e-06	1.860e-06	1.990e-06	2.700e-06	2.260e-06	2.290e-06	2.200e-06
5910		1.020e-05	2.680e-06	2.820e-06	2.640e-06	2.910e-06	2.580e-06	2.480e-06	2.380e-06
6060		6.030e-06	1.870e-06	1.900e-06	1.900e-06	2.010e-06	1.770e-06	1.750e-06	1.730e-06
6210		6.150e-06	2.260e-06	2.140e-06	2.110e-06	2.380e-06	2.020e-06	2.170e-06	2.180e-06
6360		6.600e-06	1.960e-06	2.000e-06	2.010e-06	2.140e-06	1.880e-06	2.080e-06	2.010e-06
6510		6.730e-06	2.180e-06	2.240e-06	2.180e-06	2.320e-06	2.080e-06	2.120e-06	2.070e-06
6660		1.010e-05	3.430e-06	3.630e-06	2.830e-06	2.940e-06	2.630e-06	2.270e-06	2.190e-06
6810		6.730e-06	2.300e-06	2.320e-06	2.290e-06	2.440e-06	2.140e-06	2.220e-06	2.150e-06
6960		6.900e-06	2.140e-06	2.150e-06	2.200e-06	2.320e-06	2.030e-06	2.290e-06	2.230e-06
7110		7.960e-06	2.410e-06	2.430e-06	2.370e-06	2.550e-06	2.240e-06	2.380e-06	2.290e-06
7260		8.390e-06	2.280e-06	2.290e-06	2.710e-06	3.710e-06	3.060e-06	2.680e-06	2.410e-06
7410		7.370e-06	2.480e-06	2.520e-06	2.530e-06	2.710e-06	2.370e-06	2.420e-06	2.350e-06
7560		7.460e-06	2.300e-06	2.330e-06	2.390e-06	2.530e-06	2.180e-06	2.450e-06	2.400e-06
7710		7.640e-06	3.070e-06	3.090e-06	3.070e-06	3.140e-06	3.030e-06	2.850e-06	2.800e-06
7860		8.110e-06	2.920e-06	2.470e-06	2.470e-06	2.930e-06	2.340e-06	2.260e-06	2.300e-06
8192		1.010e-05	3.180e-06	4.000e-06	3.300e-06	3.300e-06	3.050e-06	3.040e-06	3.010e-06
16384		1.700e-05	6.460e-06	6.500e-06	6.640e-06	6.840e-06	6.160e-06	6.090e-06	5.870e-06
32768		3.300e-05	1.350e-05	1.340e-05	1.460e-05	1.560e-05	1.310e-05	1.360e-05	1.270e-05
65536		7.520e-05	5.720e-05	5.600e-05	5.630e-05	5.680e-05	5.630e-05	5.730e-05	5.680e-05
131072		1.510e-04	1.260e-04	1.250e-04	1.260e-04	1.280e-04	1.260e-04	1.270e-04	1.270e-04
262144		3.270e-04	4.760e-04	4.800e-04	4.980e-04	5.320e-04	5.350e-04	3.750e-04	3.700e-04
524288		6.100e-04	1.000e-03	1.010e-03	1.020e-03	1.100e-03	1.100e-03	8.650e-04	7.780e-04
1048576		2.280e-03	2.550e-03	2.600e-03	2.430e-03	2.720e-03	2.680e-03	2.450e-03	2.090e-03
2097152		6.850e-03	6.390e-03	6.230e-03	6.180e-03	6.570e-03	6.380e-03	5.870e-03	5.210e-03
4194304		1.490e-02	1.300e-02	1.290e-02	1.350e-02	1.340e-02	1.300e-02	1.140e-02	1.180e-02
