function: (64-bit) modular addition
unit: all measurements in seconds
profiled: seq no-vec | seq auto-vec | seq loop-unrolled | flint | avx2 | avx2 loop-unrolled | avx512 | avx512 loop-unrolled
bitsize: 60

len/func	s-novec		s-vec		s-unr		flint		avx2		avx2u		avx512		avx512u
10		9.550e-09	4.850e-09	6.140e-09	5.850e-09	5.600e-09	6.150e-09	5.780e-09	6.090e-09
35		3.020e-08	9.220e-09	1.020e-08	9.750e-09	1.070e-08	9.300e-09	9.800e-09	9.790e-09
60		5.120e-08	1.180e-08	1.180e-08	1.190e-08	1.320e-08	1.270e-08	1.450e-08	1.470e-08
85		7.210e-08	1.570e-08	1.630e-08	1.610e-08	1.910e-08	1.700e-08	1.940e-08	1.820e-08
110		9.300e-08	1.900e-08	2.140e-08	1.950e-08	2.490e-08	1.990e-08	2.540e-08	2.780e-08
135		1.140e-07	2.310e-08	2.560e-08	2.360e-08	2.990e-08	2.380e-08	3.010e-08	2.980e-08
160		1.400e-07	2.710e-08	2.920e-08	2.590e-08	3.560e-08	2.380e-08	3.580e-08	3.570e-08
185		1.610e-07	3.110e-08	3.390e-08	3.150e-08	3.510e-08	3.260e-08	4.700e-08	4.700e-08
210		1.820e-07	3.380e-08	4.110e-08	3.610e-08	4.410e-08	3.400e-08	5.040e-08	5.230e-08
360		3.080e-07	5.400e-08	6.390e-08	5.410e-08	6.360e-08	5.350e-08	8.800e-08	9.000e-08
510		4.330e-07	7.550e-08	8.970e-08	7.840e-08	1.050e-07	7.740e-08	1.080e-07	1.080e-07
660		5.590e-07	1.030e-07	1.200e-07	9.770e-08	1.270e-07	9.210e-08	1.350e-07	1.360e-07
810		6.840e-07	1.300e-07	1.580e-07	1.210e-07	1.780e-07	1.200e-07	2.040e-07	2.110e-07
960		8.090e-07	1.450e-07	1.710e-07	1.420e-07	1.830e-07	1.330e-07	2.010e-07	2.010e-07
1110		9.340e-07	1.670e-07	1.920e-07	1.650e-07	2.130e-07	1.640e-07	2.840e-07	2.870e-07
1260		1.060e-06	1.880e-07	2.320e-07	1.870e-07	2.260e-07	1.750e-07	2.340e-07	2.400e-07
1410		1.190e-06	2.090e-07	2.660e-07	2.110e-07	2.500e-07	2.010e-07	2.950e-07	2.980e-07
1560		1.310e-06	3.320e-07	3.400e-07	3.330e-07	3.380e-07	3.400e-07	7.110e-07	6.860e-07
1710		1.430e-06	2.500e-07	2.870e-07	2.500e-07	3.230e-07	2.410e-07	3.640e-07	3.730e-07
1860		1.560e-06	2.710e-07	3.350e-07	2.690e-07	3.480e-07	2.500e-07	3.530e-07	4.130e-07
2010		1.690e-06	3.340e-07	3.780e-07	3.040e-07	3.750e-07	2.930e-07	4.090e-07	4.090e-07
2160		1.820e-06	5.220e-07	5.240e-07	5.180e-07	5.180e-07	5.210e-07	7.430e-07	7.290e-07
2310		1.930e-06	7.270e-07	7.110e-07	7.090e-07	7.170e-07	6.500e-07	9.420e-07	8.450e-07
2460		2.070e-06	6.740e-07	6.580e-07	6.570e-07	6.590e-07	5.950e-07	7.010e-07	7.390e-07
2610		2.180e-06	7.780e-07	7.570e-07	7.570e-07	7.760e-07	7.450e-07	1.160e-06	1.070e-06
2760		2.310e-06	7.470e-07	7.300e-07	7.320e-07	7.360e-07	6.400e-07	1.100e-06	1.020e-06
2910		2.440e-06	8.420e-07	8.200e-07	8.170e-07	8.220e-07	7.730e-07	1.160e-06	1.070e-06
3060		2.560e-06	8.400e-07	8.150e-07	8.120e-07	8.160e-07	7.110e-07	8.590e-07	9.140e-07
3210		2.690e-06	9.300e-07	9.050e-07	9.020e-07	9.080e-07	8.320e-07	1.280e-06	1.190e-06
3360		2.810e-06	9.290e-07	9.060e-07	9.080e-07	9.170e-07	8.400e-07	1.380e-06	1.310e-06
3510		2.940e-06	1.020e-06	9.900e-07	9.840e-07	9.930e-07	9.320e-07	1.400e-06	1.290e-06
3660		3.060e-06	1.020e-06	9.860e-07	9.880e-07	1.000e-06	8.890e-07	1.220e-06	1.340e-06
3810		3.190e-06	1.100e-06	1.080e-06	1.070e-06	1.070e-06	9.890e-07	1.520e-06	1.390e-06
3960		3.320e-06	1.080e-06	1.050e-06	1.040e-06	1.050e-06	9.190e-07	1.580e-06	1.450e-06
4110		3.440e-06	1.360e-06	1.330e-06	1.330e-06	1.340e-06	1.260e-06	1.790e-06	1.610e-06
4260		3.570e-06	1.150e-06	1.130e-06	1.130e-06	1.130e-06	9.740e-07	1.400e-06	1.400e-06
4410		3.690e-06	1.270e-06	1.240e-06	1.240e-06	1.240e-06	1.140e-06	1.750e-06	1.630e-06
4560		3.810e-06	1.260e-06	1.210e-06	1.210e-06	1.210e-06	1.050e-06	1.820e-06	1.670e-06
4710		3.940e-06	1.370e-06	1.320e-06	1.320e-06	1.330e-06	1.250e-06	1.870e-06	1.760e-06
4860		4.070e-06	1.320e-06	1.290e-06	1.280e-06	1.280e-06	1.130e-06	1.470e-06	1.560e-06
5010		4.200e-06	1.450e-06	1.410e-06	1.400e-06	1.420e-06	1.310e-06	1.990e-06	1.830e-06
5160		4.320e-06	1.440e-06	1.410e-06	1.410e-06	1.420e-06	1.420e-06	2.470e-06	2.210e-06
5310		4.440e-06	1.530e-06	1.490e-06	1.480e-06	1.500e-06	1.410e-06	2.120e-06	1.940e-06
5460		4.570e-06	1.490e-06	1.450e-06	1.440e-06	1.440e-06	1.240e-06	1.550e-06	1.740e-06
5610		4.700e-06	1.630e-06	1.590e-06	1.580e-06	1.600e-06	1.460e-06	2.240e-06	2.060e-06
5760		4.820e-06	1.560e-06	1.520e-06	1.520e-06	1.520e-06	1.330e-06	2.290e-06	2.150e-06
5910		4.940e-06	1.810e-06	1.760e-06	1.750e-06	1.850e-06	1.700e-06	2.470e-06	2.200e-06
6060		5.070e-06	1.650e-06	1.600e-06	1.600e-06	1.610e-06	1.410e-06	1.730e-06	1.810e-06
6210		5.190e-06	1.820e-06	1.770e-06	1.760e-06	1.780e-06	1.690e-06	2.660e-06	2.480e-06
6360		5.310e-06	1.730e-06	1.680e-06	1.680e-06	1.680e-06	1.470e-06	2.530e-06	2.330e-06
6510		5.440e-06	1.880e-06	1.830e-06	1.820e-06	1.830e-06	1.720e-06	2.600e-06	2.380e-06
6660		6.120e-06	2.020e-06	2.030e-06	2.030e-06	3.070e-06	1.920e-06	2.430e-06	2.430e-06
6810		5.690e-06	1.970e-06	1.910e-06	1.900e-06	1.920e-06	1.760e-06	2.710e-06	2.510e-06
6960		5.820e-06	1.900e-06	1.840e-06	1.840e-06	1.840e-06	1.620e-06	2.780e-06	2.650e-06
7110		5.940e-06	2.060e-06	2.000e-06	2.000e-06	2.010e-06	1.870e-06	2.830e-06	2.590e-06
7260		6.070e-06	2.010e-06	1.950e-06	1.930e-06	1.930e-06	1.710e-06	2.410e-06	2.640e-06
7410		6.190e-06	2.140e-06	2.080e-06	2.070e-06	2.090e-06	1.920e-06	2.950e-06	2.700e-06
7560		6.310e-06	2.050e-06	2.000e-06	2.000e-06	2.020e-06	1.750e-06	3.010e-06	2.760e-06
7710		6.450e-06	2.590e-06	2.530e-06	2.500e-06	2.490e-06	2.310e-06	3.310e-06	3.010e-06
7860		6.570e-06	2.150e-06	2.080e-06	2.070e-06	2.070e-06	1.800e-06	2.600e-06	2.590e-06
8192		8.780e-06	2.490e-06	2.500e-06	3.330e-06	2.540e-06	2.310e-06	3.530e-06	3.320e-06
16384		1.370e-05	4.980e-06	4.990e-06	5.040e-06	5.080e-06	4.610e-06	7.080e-06	6.630e-06
32768		2.730e-05	1.140e-05	1.060e-05	1.070e-05	1.080e-05	9.590e-06	1.480e-05	1.360e-05
65536		5.520e-05	3.930e-05	3.690e-05	3.720e-05	3.840e-05	3.750e-05	4.220e-05	4.120e-05
131072		1.120e-04	1.010e-04	1.010e-04	1.030e-04	1.010e-04	1.030e-04	1.050e-04	1.060e-04
262144		2.190e-04	2.040e-04	2.030e-04	2.010e-04	2.050e-04	2.040e-04	2.100e-04	2.120e-04
524288		4.340e-04	7.490e-04	7.490e-04	7.310e-04	8.440e-04	8.360e-04	6.480e-04	5.760e-04
1048576		9.000e-04	1.880e-03	1.880e-03	1.840e-03	2.210e-03	2.190e-03	1.520e-03	1.350e-03
2097152		2.620e-03	4.290e-03	4.350e-03	4.200e-03	4.920e-03	4.860e-03	3.620e-03	3.110e-03
4194304		6.160e-03	6.490e-03	6.520e-03	6.420e-03	6.350e-03	6.350e-03	6.540e-03	6.690e-03
