function: (64-bit) addition
unit: all measurements in seconds
profiled: seq no-vec | seq auto-vec | seq loop-unrolled | avx2 | avx2 loop-unrolled | avx512 | avx512 loop-unrolled
bitsize: 60

len/func	s-novec		s-vec		s-unr		avx2		avx2u		avx512		avx512u
10		8.150e-09	4.710e-09	7.960e-09	6.410e-09	6.270e-09	5.020e-09	5.740e-09
35		2.390e-08	7.530e-09	1.080e-08	1.160e-08	7.490e-09	7.170e-09	6.810e-09
60		3.950e-08	9.720e-09	1.300e-08	1.440e-08	1.160e-08	9.370e-09	1.080e-08
85		6.260e-08	1.310e-08	1.750e-08	1.910e-08	1.300e-08	1.190e-08	1.140e-08
110		7.810e-08	1.930e-08	2.170e-08	2.480e-08	1.980e-08	1.600e-08	1.730e-08
135		9.370e-08	2.820e-08	2.600e-08	2.820e-08	2.410e-08	1.940e-08	2.070e-08
160		1.100e-07	2.430e-08	2.850e-08	3.650e-08	2.440e-08	2.100e-08	2.100e-08
185		1.250e-07	3.200e-08	3.630e-08	3.480e-08	3.300e-08	3.050e-08	3.060e-08
210		1.410e-07	3.720e-08	4.050e-08	4.040e-08	4.010e-08	3.270e-08	3.440e-08
360		2.340e-07	5.710e-08	6.030e-08	6.150e-08	5.780e-08	5.720e-08	5.740e-08
510		3.290e-07	8.730e-08	9.480e-08	9.360e-08	8.720e-08	6.880e-08	6.880e-08
660		4.230e-07	1.000e-07	1.150e-07	1.140e-07	1.100e-07	8.900e-08	9.180e-08
810		5.170e-07	1.400e-07	1.460e-07	1.430e-07	1.450e-07	1.110e-07	1.210e-07
960		6.110e-07	1.460e-07	1.620e-07	1.610e-07	1.470e-07	1.270e-07	1.260e-07
1110		7.050e-07	1.930e-07	2.010e-07	1.970e-07	1.990e-07	1.600e-07	1.670e-07
1260		7.990e-07	1.940e-07	2.090e-07	2.090e-07	1.960e-07	1.640e-07	1.680e-07
1410		8.930e-07	3.060e-07	3.170e-07	3.150e-07	3.000e-07	2.700e-07	2.800e-07
1560		9.870e-07	5.210e-07	5.260e-07	5.280e-07	5.310e-07	5.040e-07	5.130e-07
1710		1.090e-06	5.540e-07	5.560e-07	5.560e-07	5.280e-07	5.460e-07	5.310e-07
1860		1.180e-06	5.480e-07	5.480e-07	5.480e-07	5.590e-07	5.500e-07	5.490e-07
2010		1.270e-06	6.490e-07	6.510e-07	6.510e-07	6.010e-07	6.420e-07	6.300e-07
2160		1.370e-06	6.830e-07	6.800e-07	6.830e-07	6.270e-07	6.890e-07	6.750e-07
2310		1.460e-06	8.690e-07	8.680e-07	8.720e-07	7.870e-07	7.800e-07	7.610e-07
2460		1.550e-06	7.250e-07	7.260e-07	7.280e-07	6.830e-07	7.040e-07	7.130e-07
2610		1.650e-06	8.690e-07	8.720e-07	8.680e-07	8.920e-07	9.320e-07	9.120e-07
2760		1.740e-06	8.080e-07	8.080e-07	8.110e-07	7.690e-07	8.760e-07	8.670e-07
2910		1.830e-06	9.420e-07	9.450e-07	9.450e-07	9.000e-07	9.260e-07	9.040e-07
3060		1.930e-06	8.990e-07	9.000e-07	9.030e-07	8.560e-07	8.460e-07	8.660e-07
3210		2.020e-06	1.040e-06	1.050e-06	1.040e-06	9.630e-07	1.020e-06	9.930e-07
3360		2.110e-06	9.900e-07	9.960e-07	9.900e-07	9.890e-07	1.110e-06	1.100e-06
3510		2.210e-06	1.130e-06	1.130e-06	1.140e-06	1.080e-06	1.130e-06	1.090e-06
3660		2.300e-06	1.230e-06	1.230e-06	1.220e-06	1.140e-06	1.090e-06	1.180e-06
3810		2.400e-06	1.230e-06	1.230e-06	1.230e-06	1.140e-06	1.210e-06	1.190e-06
3960		2.490e-06	1.160e-06	1.160e-06	1.160e-06	1.090e-06	1.260e-06	1.220e-06
4110		2.640e-06	1.670e-06	1.670e-06	1.660e-06	1.610e-06	1.440e-06	1.430e-06
4260		2.690e-06	1.250e-06	1.240e-06	1.240e-06	1.200e-06	1.280e-06	1.290e-06
4410		2.780e-06	1.430e-06	1.430e-06	1.430e-06	1.330e-06	1.400e-06	1.370e-06
4560		2.870e-06	1.340e-06	1.340e-06	1.340e-06	1.250e-06	1.450e-06	1.410e-06
4710		2.960e-06	1.530e-06	1.530e-06	1.530e-06	1.450e-06	1.500e-06	1.460e-06
4860		3.050e-06	1.430e-06	1.440e-06	1.430e-06	1.340e-06	1.500e-06	1.450e-06
5010		3.150e-06	1.620e-06	1.620e-06	1.620e-06	1.500e-06	1.590e-06	1.560e-06
5160		3.240e-06	1.800e-06	1.810e-06	1.800e-06	1.800e-06	1.910e-06	1.890e-06
5310		3.330e-06	1.710e-06	1.720e-06	1.720e-06	1.630e-06	1.680e-06	1.640e-06
5460		3.430e-06	1.620e-06	1.610e-06	1.600e-06	1.550e-06	1.550e-06	1.630e-06
5610		3.530e-06	1.820e-06	1.820e-06	1.820e-06	1.690e-06	1.860e-06	1.750e-06
5760		3.620e-06	1.730e-06	1.730e-06	1.740e-06	1.670e-06	1.830e-06	1.810e-06
5910		3.710e-06	1.990e-06	2.000e-06	2.000e-06	2.010e-06	2.030e-06	2.020e-06
6060		3.810e-06	1.840e-06	1.850e-06	1.850e-06	1.660e-06	1.680e-06	1.720e-06
6210		3.900e-06	2.020e-06	2.010e-06	2.020e-06	1.980e-06	2.030e-06	1.980e-06
6360		4.000e-06	1.870e-06	1.870e-06	1.870e-06	1.750e-06	2.020e-06	1.970e-06
6510		4.090e-06	2.110e-06	2.110e-06	2.120e-06	2.000e-06	2.060e-06	2.010e-06
6660		5.310e-06	2.600e-06	2.600e-06	2.690e-06	2.430e-06	2.190e-06	2.090e-06
6810		4.280e-06	2.200e-06	2.200e-06	2.210e-06	2.040e-06	2.150e-06	2.090e-06
6960		4.380e-06	2.050e-06	2.040e-06	2.070e-06	2.120e-06	2.210e-06	2.150e-06
7110		4.460e-06	2.290e-06	2.320e-06	2.300e-06	2.180e-06	2.260e-06	2.200e-06
7260		4.560e-06	2.420e-06	2.430e-06	2.450e-06	2.220e-06	2.150e-06	2.350e-06
7410		4.660e-06	2.400e-06	2.390e-06	2.400e-06	2.200e-06	2.360e-06	2.310e-06
7560		4.750e-06	2.210e-06	2.210e-06	2.220e-06	2.060e-06	2.400e-06	2.330e-06
7710		4.850e-06	3.050e-06	3.050e-06	3.050e-06	2.910e-06	2.710e-06	2.710e-06
7860		4.940e-06	2.320e-06	2.310e-06	2.310e-06	2.200e-06	2.380e-06	2.400e-06
8192		6.630e-06	3.080e-06	3.690e-06	3.080e-06	2.830e-06	2.830e-06	2.790e-06
16384		1.040e-05	6.190e-06	6.190e-06	6.200e-06	5.670e-06	5.710e-06	5.950e-06
32768		2.080e-05	1.300e-05	1.360e-05	1.300e-05	1.220e-05	1.290e-05	1.310e-05
65536		5.810e-05	5.310e-05	5.270e-05	5.330e-05	5.330e-05	5.420e-05	5.450e-05
131072		1.240e-04	1.240e-04	1.230e-04	1.240e-04	1.230e-04	1.250e-04	1.250e-04
262144		2.480e-04	2.480e-04	2.470e-04	2.480e-04	2.480e-04	2.500e-04	2.500e-04
524288		5.020e-04	6.800e-04	6.770e-04	6.830e-04	6.720e-04	5.490e-04	5.510e-04
1048576		1.450e-03	1.760e-03	1.770e-03	1.760e-03	1.730e-03	1.350e-03	1.390e-03
2097152		5.630e-03	4.950e-03	4.920e-03	4.950e-03	4.930e-03	4.300e-03	4.300e-03
4194304		1.400e-02	1.070e-02	1.090e-02	1.090e-02	1.060e-02	9.910e-03	1.000e-02
