function: (64-bit) addition
unit: all measurements in seconds
profiled: seq no-vec | seq auto-vec | seq loop-unrolled | avx2 | avx2 loop-unrolled | avx512 | avx512 loop-unrolled
bitsize: 60

len/func	s-novec		s-vec		s-unr		avx2		avx2u		avx512		avx512u
10		3.270e-09	2.660e-09	2.610e-09	2.660e-09	2.960e-09	2.430e-09	2.640e-09
35		1.000e-08	4.100e-09	4.570e-09	4.560e-09	4.230e-09	4.740e-09	4.710e-09
60		1.890e-08	5.270e-09	6.600e-09	6.250e-09	5.780e-09	6.350e-09	6.320e-09
85		2.980e-08	7.170e-09	8.250e-09	7.160e-09	7.100e-09	8.140e-09	7.630e-09
110		3.860e-08	1.200e-08	1.300e-08	1.080e-08	1.060e-08	1.120e-08	1.110e-08
135		4.400e-08	1.480e-08	1.440e-08	1.310e-08	1.270e-08	1.570e-08	1.360e-08
160		5.110e-08	1.320e-08	1.560e-08	1.460e-08	1.300e-08	1.340e-08	1.480e-08
185		6.020e-08	2.070e-08	2.080e-08	2.040e-08	1.960e-08	2.090e-08	2.150e-08
210		6.860e-08	2.250e-08	2.340e-08	2.060e-08	2.030e-08	2.120e-08	2.270e-08
360		1.120e-07	3.160e-08	3.500e-08	3.130e-08	3.110e-08	3.210e-08	3.460e-08
510		1.560e-07	5.430e-08	5.480e-08	4.750e-08	4.500e-08	4.870e-08	4.810e-08
660		2.100e-07	6.190e-08	6.240e-08	5.750e-08	5.600e-08	6.020e-08	6.320e-08
810		2.450e-07	7.870e-08	8.160e-08	7.420e-08	7.330e-08	8.360e-08	7.690e-08
960		2.800e-07	9.040e-08	8.920e-08	8.190e-08	7.900e-08	8.890e-08	8.910e-08
1110		3.290e-07	1.220e-07	1.220e-07	1.020e-07	1.017e-07	1.110e-07	1.060e-07
1260		3.790e-07	1.110e-07	1.120e-07	1.050e-07	1.080e-07	1.110e-07	1.170e-07
1410		4.440e-07	1.530e-07	1.560e-07	1.440e-07	1.440e-07	1.530e-07	1.520e-07
1560		4.930e-07	2.440e-07	2.270e-07	2.250e-07	2.210e-07	2.410e-07	2.260e-07
1710		5.460e-07	2.770e-07	2.830e-07	2.860e-07	2.770e-07	2.810e-07	2.780e-07
1860		5.800e-07	2.980e-07	3.020e-07	3.030e-07	2.970e-07	3.020e-07	2.970e-07
2010		6.370e-07	3.420e-07	3.560e-07	3.300e-07	3.210e-07	3.540e-07	3.420e-07
2160		6.790e-07	3.610e-07	3.730e-07	3.540e-07	3.460e-07	3.700e-07	3.650e-07
2310		7.610e-07	4.120e-07	4.010e-07	3.790e-07	3.910e-07	4.000e-07	4.090e-07
2460		7.680e-07	3.980e-07	3.950e-07	4.030e-07	3.990e-07	4.060e-07	3.960e-07
2610		8.230e-07	4.550e-07	4.490e-07	4.430e-07	4.290e-07	4.600e-07	4.470e-07
2760		8.620e-07	4.730e-07	4.590e-07	4.620e-07	4.520e-07	4.720e-07	4.640e-07
2910		9.110e-07	5.100e-07	4.980e-07	4.910e-07	4.800e-07	5.040e-07	5.020e-07
3060		9.580e-07	5.040e-07	5.140e-07	5.010e-07	5.070e-07	5.040e-07	5.140e-07
3210		1.010e-06	5.530e-07	5.460e-07	5.370e-07	5.260e-07	5.490e-07	5.590e-07
3360		1.040e-06	5.630e-07	5.640e-07	5.600e-07	5.440e-07	5.690e-07	5.690e-07
3510		1.100e-06	5.990e-07	6.090e-07	5.910e-07	5.790e-07	6.090e-07	6.100e-07
3660		1.160e-06	6.060e-07	6.050e-07	6.120e-07	6.040e-07	6.030e-07	6.130e-07
3810		1.210e-06	6.640e-07	6.540e-07	6.320e-07	6.420e-07	6.590e-07	6.490e-07
3960		1.230e-06	6.610e-07	6.680e-07	6.610e-07	6.510e-07	6.690e-07	6.710e-07
4110		1.350e-06	8.570e-07	8.540e-07	7.000e-07	6.950e-07	8.580e-07	8.500e-07
4260		1.420e-06	6.980e-07	7.050e-07	7.030e-07	6.990e-07	6.980e-07	6.940e-07
4410		1.370e-06	7.620e-07	7.670e-07	7.350e-07	7.370e-07	7.640e-07	7.550e-07
4560		1.490e-06	7.630e-07	7.660e-07	7.590e-07	7.550e-07	7.720e-07	7.720e-07
4710		1.460e-06	8.150e-07	8.120e-07	7.750e-07	7.690e-07	8.120e-07	8.120e-07
4860		1.510e-06	8.200e-07	8.280e-07	8.090e-07	8.090e-07	8.170e-07	8.240e-07
5010		1.570e-06	8.700e-07	8.650e-07	8.350e-07	8.290e-07	8.680e-07	8.630e-07
5160		1.600e-06	8.870e-07	8.820e-07	8.630e-07	8.520e-07	8.880e-07	8.800e-07
5310		1.640e-06	9.160e-07	9.150e-07	8.870e-07	8.780e-07	9.240e-07	9.160e-07
5460		1.700e-06	9.070e-07	9.110e-07	9.070e-07	8.940e-07	9.050e-07	9.090e-07
5610		1.730e-06	9.670e-07	9.690e-07	9.300e-07	1.030e-06	9.640e-07	9.900e-07
5760		1.760e-06	9.710e-07	9.680e-07	9.630e-07	9.520e-07	9.770e-07	9.760e-07
5910		1.900e-06	1.020e-06	1.020e-06	9.960e-07	9.940e-07	1.010e-06	1.010e-06
6060		1.890e-06	1.080e-06	9.900e-07	1.000e-06	9.880e-07	1.000e-06	9.970e-07
6210		1.920e-06	1.060e-06	1.150e-06	1.040e-06	1.050e-06	1.060e-06	1.060e-06
6360		1.950e-06	1.090e-06	1.060e-06	1.120e-06	1.030e-06	1.060e-06	1.100e-06
6510		2.000e-06	1.110e-06	1.100e-06	1.160e-06	1.060e-06	1.110e-06	1.110e-06
6660		2.220e-06	1.400e-06	1.390e-06	1.220e-06	1.140e-06	1.660e-06	1.290e-06
6810		2.110e-06	1.180e-06	1.230e-06	1.130e-06	1.110e-06	1.190e-06	1.150e-06
6960		2.130e-06	1.160e-06	1.280e-06	1.140e-06	1.130e-06	1.160e-06	1.170e-06
7110		2.190e-06	1.200e-06	1.270e-06	1.200e-06	1.170e-06	1.200e-06	1.210e-06
7260		2.260e-06	1.280e-06	1.200e-06	1.200e-06	1.230e-06	1.200e-06	1.190e-06
7410		2.290e-06	1.380e-06	1.270e-06	1.210e-06	1.200e-06	1.310e-06	1.260e-06
7560		2.410e-06	1.260e-06	1.260e-06	1.240e-06	1.230e-06	1.250e-06	1.310e-06
7710		2.480e-06	1.310e-06	1.430e-06	1.280e-06	1.270e-06	1.310e-06	1.420e-06
7860		2.430e-06	1.290e-06	1.290e-06	1.330e-06	1.260e-06	1.400e-06	1.300e-06
8192		2.770e-06	1.390e-06	1.380e-06	1.470e-06	1.370e-06	1.390e-06	1.380e-06
16384		5.360e-06	2.760e-06	2.740e-06	2.750e-06	2.730e-06	2.760e-06	2.770e-06
32768		1.170e-05	6.080e-06	6.200e-06	6.270e-06	6.100e-06	6.180e-06	6.180e-06
65536		2.280e-05	1.370e-05	1.400e-05	1.330e-05	1.440e-05	1.410e-05	1.390e-05
131072		4.480e-05	2.960e-05	2.800e-05	2.660e-05	2.820e-05	2.810e-05	2.760e-05
262144		9.080e-05	5.900e-05	5.770e-05	5.370e-05	5.610e-05	5.680e-05	5.610e-05
524288		1.890e-04	1.340e-04	1.630e-04	1.290e-04	1.220e-04	1.310e-04	1.240e-04
1048576		5.940e-04	4.660e-04	4.880e-04	4.350e-04	4.540e-04	4.910e-04	4.640e-04
2097152		1.340e-03	1.150e-03	1.300e-03	1.090e-03	1.030e-03	1.200e-03	1.140e-03
4194304		3.090e-03	2.930e-03	2.750e-03	2.890e-03	2.850e-03	2.820e-03	2.830e-03
