function: modular butterfly fft
unit: all measurements in seconds
profiled: seq | preinverse | split-preinverse | avx2 split-preinverse
bitsize: 40

len/func	seq		preinv		split		avx2-split
1		1.660e-08	1.480e-08	1.730e-08	7.980e-09
2		2.170e-08	2.200e-08	2.500e-08	1.020e-08
3		2.950e-08	2.930e-08	3.400e-08	1.370e-08
4		3.760e-08	3.660e-08	2.380e-08	1.930e-08
5		4.890e-08	4.670e-08	2.300e-08	1.820e-08
6		6.270e-08	6.000e-08	2.360e-08	1.980e-08
7		7.460e-08	7.560e-08	2.530e-08	1.990e-08
8		8.860e-08	8.560e-08	2.890e-08	1.920e-08
9		1.030e-07	9.480e-08	3.080e-08	2.120e-08
10		1.140e-07	1.050e-07	3.370e-08	2.330e-08
11		1.270e-07	1.190e-07	3.510e-08	2.640e-08
12		1.390e-07	1.240e-07	3.670e-08	2.410e-08
13		1.470e-07	1.140e-07	2.370e-08	1.730e-08
14		1.630e-07	1.420e-07	4.130e-08	2.860e-08
15		1.730e-07	1.510e-07	4.460e-08	3.200e-08
16		1.840e-07	1.600e-07	4.580e-08	3.160e-08
17		2.010e-07	1.680e-07	4.810e-08	3.080e-08
18		1.470e-07	1.030e-07	2.840e-08	1.830e-08
19		1.210e-07	1.030e-07	3.050e-08	2.060e-08
20		1.270e-07	1.180e-07	3.040e-08	1.890e-08
21		1.330e-07	1.130e-07	3.200e-08	2.040e-08
22		1.390e-07	1.180e-07	3.410e-08	2.200e-08
23		1.460e-07	1.220e-07	3.640e-08	2.360e-08
24		1.520e-07	1.280e-07	3.580e-08	2.220e-08
25		1.570e-07	1.320e-07	3.730e-08	2.390e-08
26		1.630e-07	1.370e-07	4.040e-08	2.460e-08
27		1.700e-07	1.420e-07	4.580e-08	4.830e-08
28		3.150e-07	2.640e-07	7.230e-08	4.530e-08
29		3.270e-07	2.740e-07	7.490e-08	4.850e-08
30		3.370e-07	2.870e-07	7.920e-08	5.040e-08
31		3.490e-07	2.920e-07	8.120e-08	3.510e-08
32		1.990e-07	1.660e-07	4.560e-08	2.850e-08
33		2.050e-07	1.710e-07	4.690e-08	3.090e-08
34		2.110e-07	1.760e-07	4.960e-08	3.130e-08
35		2.170e-07	1.810e-07	5.120e-08	3.320e-08
36		2.230e-07	1.970e-07	5.100e-08	3.150e-08
37		2.300e-07	1.930e-07	5.220e-08	3.330e-08
38		2.360e-07	1.950e-07	5.570e-08	3.450e-08
39		2.420e-07	2.000e-07	5.620e-08	3.640e-08
40		2.480e-07	2.050e-07	5.740e-08	3.470e-08
41		2.550e-07	2.110e-07	5.750e-08	3.640e-08
42		2.600e-07	2.160e-07	6.130e-08	3.750e-08
43		2.660e-07	2.200e-07	6.190e-08	3.950e-08
44		2.730e-07	2.360e-07	6.160e-08	3.790e-08
45		2.780e-07	3.420e-07	1.140e-07	6.450e-08
46		3.270e-07	2.350e-07	6.560e-08	4.080e-08
47		2.900e-07	2.390e-07	6.710e-08	4.390e-08
48		2.970e-07	2.450e-07	6.680e-08	4.110e-08
49		3.030e-07	2.490e-07	6.930e-08	4.290e-08
50		3.090e-07	2.550e-07	7.100e-08	7.780e-08
51		5.670e-07	4.660e-07	1.360e-07	8.620e-08
52		5.840e-07	4.750e-07	1.350e-07	8.340e-08
53		5.890e-07	4.840e-07	1.380e-07	8.300e-08
54		6.010e-07	4.930e-07	1.420e-07	5.650e-08
55		3.480e-07	2.790e-07	7.940e-08	5.030e-08
56		3.450e-07	2.860e-07	7.890e-08	4.760e-08
57		3.520e-07	2.880e-07	8.050e-08	5.060e-08
58		3.570e-07	2.930e-07	8.360e-08	5.160e-08
59		3.630e-07	3.070e-07	8.530e-08	5.360e-08
60		3.690e-07	3.020e-07	8.500e-08	5.060e-08
61		3.760e-07	3.090e-07	8.600e-08	5.440e-08
62		3.810e-07	3.130e-07	8.900e-08	5.500e-08
63		3.870e-07	3.300e-07	8.850e-08	5.570e-08
64		3.950e-07	3.220e-07	8.990e-08	5.390e-08
65		4.190e-07	3.460e-07	1.110e-07	5.710e-08
66		4.060e-07	3.410e-07	9.450e-08	5.810e-08
67		4.120e-07	3.370e-07	9.540e-08	5.860e-08
68		4.180e-07	3.410e-07	9.580e-08	5.730e-08
69		4.240e-07	3.470e-07	1.419e-07	1.050e-07
70		7.900e-07	6.330e-07	1.840e-07	1.130e-07
71		7.920e-07	6.430e-07	1.870e-07	1.170e-07
72		7.970e-07	6.510e-07	1.850e-07	1.140e-07
73		8.070e-07	6.630e-07	1.880e-07	1.160e-07
74		7.480e-07	3.860e-07	1.050e-07	6.470e-08
75		4.610e-07	3.750e-07	1.080e-07	6.660e-08
76		4.750e-07	3.800e-07	1.070e-07	6.510e-08
77		4.730e-07	3.850e-07	1.080e-07	6.690e-08
78		4.780e-07	3.900e-07	1.120e-07	6.790e-08
79		4.850e-07	4.040e-07	1.130e-07	7.000e-08
80		4.900e-07	3.990e-07	1.140e-07	6.970e-08
81		5.060e-07	4.050e-07	1.150e-07	7.180e-08
82		5.030e-07	4.110e-07	1.190e-07	7.180e-08
83		5.090e-07	4.140e-07	1.200e-07	7.530e-08
84		5.240e-07	4.220e-07	1.200e-07	7.330e-08
85		5.210e-07	4.240e-07	1.210e-07	7.490e-08
86		5.270e-07	4.290e-07	1.240e-07	7.710e-08
87		5.430e-07	4.350e-07	1.250e-07	7.850e-08
88		5.400e-07	4.400e-07	1.240e-07	7.480e-08
89		5.450e-07	4.430e-07	1.270e-07	7.880e-08
90		5.600e-07	4.490e-07	1.290e-07	8.000e-08
91		5.590e-07	4.630e-07	1.310e-07	8.200e-08
92		5.640e-07	4.590e-07	1.310e-07	8.040e-08
93		5.690e-07	4.640e-07	1.320e-07	8.190e-08
94		5.760e-07	4.680e-07	1.340e-07	8.340e-08
95		5.820e-07	4.730e-07	1.360e-07	8.440e-08
96		5.880e-07	4.780e-07	1.360e-07	8.360e-08
97		5.940e-07	4.820e-07	1.360e-07	8.530e-08
98		6.000e-07	4.970e-07	1.410e-07	8.680e-08
99		6.060e-07	4.930e-07	1.420e-07	8.760e-08
100		6.120e-07	5.000e-07	1.380e-07	8.550e-08
101		6.180e-07	5.040e-07	1.420e-07	8.860e-08
102		6.340e-07	5.070e-07	1.450e-07	9.010e-08
103		6.310e-07	5.200e-07	1.470e-07	9.210e-08
104		6.370e-07	5.170e-07	1.470e-07	8.920e-08
105		6.430e-07	5.220e-07	1.470e-07	9.220e-08
106		6.480e-07	5.260e-07	1.510e-07	9.380e-08
107		6.640e-07	5.310e-07	1.530e-07	9.570e-08
108		6.600e-07	5.460e-07	1.510e-07	9.400e-08
109		6.670e-07	5.500e-07	1.490e-07	9.320e-08
110		6.720e-07	5.460e-07	1.570e-07	9.610e-08
111		6.790e-07	5.940e-07	3.030e-07	1.880e-07
112		1.240e-06	1.000e-06	2.850e-07	1.710e-07
113		1.250e-06	1.010e-06	3.030e-07	1.900e-07
114		1.250e-06	1.010e-06	2.990e-07	1.860e-07
115		1.270e-06	1.030e-06	3.140e-07	1.900e-07
116		1.280e-06	1.100e-06	2.980e-07	1.840e-07
117		1.290e-06	1.050e-06	3.000e-07	1.870e-07
118		1.300e-06	1.060e-06	3.080e-07	1.900e-07
119		1.310e-06	1.060e-06	3.100e-07	1.930e-07
120		1.380e-06	1.070e-06	3.090e-07	1.890e-07
121		1.330e-06	1.080e-06	3.110e-07	1.860e-07
122		1.100e-06	6.110e-07	1.740e-07	1.190e-07
123		1.240e-06	1.100e-06	3.170e-07	1.600e-07
124		1.030e-06	6.260e-07	1.730e-07	1.070e-07
125		7.630e-07	6.190e-07	1.710e-07	1.060e-07
126		7.700e-07	6.240e-07	1.790e-07	1.100e-07
127		7.850e-07	6.290e-07	1.800e-07	1.110e-07
128		7.820e-07	6.330e-07	1.800e-07	1.090e-07
129		7.970e-07	6.390e-07	1.800e-07	1.120e-07
130		7.950e-07	6.530e-07	1.850e-07	1.130e-07
131		8.010e-07	6.480e-07	1.860e-07	1.140e-07
132		8.150e-07	6.530e-07	1.840e-07	1.100e-07
133		8.130e-07	6.810e-07	1.850e-07	1.120e-07
134		1.385e-06	1.200e-06	3.340e-07	2.050e-07
135		1.480e-06	1.200e-06	3.430e-07	2.090e-07
136		1.500e-06	1.210e-06	3.340e-07	2.010e-07
137		1.510e-06	1.220e-06	3.370e-07	2.050e-07
138		1.520e-06	1.230e-06	3.450e-07	2.170e-07
139		1.530e-06	1.240e-06	3.470e-07	2.140e-07
140		1.550e-06	1.250e-06	3.440e-07	2.060e-07
141		1.550e-06	1.260e-06	3.450e-07	2.100e-07
142		1.580e-06	1.100e-06	2.510e-07	1.210e-07
143		8.730e-07	7.060e-07	1.980e-07	1.220e-07
144		8.890e-07	1.219e-06	3.680e-07	2.220e-07
145		1.590e-06	1.290e-06	3.670e-07	2.150e-07
146		1.610e-06	1.300e-06	3.790e-07	2.310e-07
147		1.620e-06	1.300e-06	3.820e-07	2.340e-07
148		1.620e-06	1.320e-06	3.780e-07	2.180e-07
149		1.640e-06	1.320e-06	3.800e-07	2.300e-07
150		1.650e-06	1.340e-06	3.880e-07	2.380e-07
151		1.660e-06	1.350e-06	3.500e-07	1.490e-07
152		9.270e-07	7.510e-07	2.110e-07	1.260e-07
153		9.420e-07	7.560e-07	2.130e-07	1.280e-07
154		9.390e-07	7.720e-07	2.180e-07	1.320e-07
155		9.470e-07	7.650e-07	2.270e-07	1.310e-07
156		9.520e-07	7.730e-07	2.170e-07	1.300e-07
157		9.670e-07	7.750e-07	2.180e-07	1.310e-07
158		9.640e-07	7.910e-07	2.230e-07	1.360e-07
159		9.700e-07	7.850e-07	2.200e-07	1.350e-07
160		9.760e-07	9.950e-07	2.220e-07	1.330e-07
161		9.920e-07	7.950e-07	2.240e-07	1.340e-07
162		1.165e-06	1.100e-06	3.330e-07	1.900e-07
163		1.130e-06	8.300e-07	2.300e-07	1.400e-07
164		1.000e-06	8.200e-07	2.270e-07	1.370e-07
165		1.010e-06	8.150e-07	2.290e-07	1.380e-07
166		1.020e-06	8.290e-07	2.330e-07	1.430e-07
167		1.020e-06	8.250e-07	2.350e-07	1.450e-07
168		1.030e-06	8.390e-07	2.340e-07	1.390e-07
169		1.030e-06	8.320e-07	2.340e-07	1.410e-07
170		1.030e-06	8.520e-07	2.400e-07	1.460e-07
171		1.040e-06	8.440e-07	2.420e-07	1.470e-07
172		1.050e-06	8.490e-07	2.490e-07	1.680e-07
173		1.180e-06	8.720e-07	2.390e-07	1.450e-07
174		1.070e-06	8.590e-07	2.500e-07	1.460e-07
175		1.060e-06	8.620e-07	2.460e-07	1.500e-07
176		1.080e-06	8.670e-07	2.550e-07	2.030e-07
177		1.440e-06	1.070e-06	4.500e-07	2.830e-07
178		1.980e-06	1.580e-06	4.530e-07	1.930e-07
179		1.100e-06	8.910e-07	2.520e-07	1.530e-07
180		1.090e-06	8.860e-07	2.490e-07	1.490e-07
181		1.100e-06	8.990e-07	2.500e-07	1.510e-07
182		1.110e-06	8.990e-07	2.560e-07	1.560e-07
183		1.120e-06	9.100e-07	2.570e-07	1.570e-07
184		1.130e-06	9.060e-07	2.540e-07	1.530e-07
185		1.130e-06	9.260e-07	2.560e-07	1.540e-07
186		1.130e-06	1.052e-06	4.790e-07	2.890e-07
187		2.050e-06	1.650e-06	4.820e-07	2.950e-07
188		2.060e-06	1.660e-06	4.780e-07	2.860e-07
189		2.070e-06	1.730e-06	4.790e-07	2.890e-07
190		2.040e-06	1.460e-06	3.760e-07	1.640e-07
191		1.160e-06	9.490e-07	2.890e-07	1.850e-07
192		1.180e-06	9.460e-07	2.660e-07	1.590e-07
193		1.180e-06	9.600e-07	2.670e-07	1.600e-07
194		1.190e-06	9.540e-07	2.730e-07	1.650e-07
195		1.190e-06	9.680e-07	2.740e-07	1.670e-07
196		1.200e-06	9.640e-07	2.710e-07	1.610e-07
197		1.200e-06	1.000e-06	2.720e-07	1.640e-07
198		1.210e-06	9.750e-07	2.770e-07	1.700e-07
199		1.210e-06	9.880e-07	2.790e-07	1.700e-07
200		1.220e-06	9.840e-07	2.760e-07	1.650e-07
350		2.120e-06	1.810e-06	4.860e-07	2.930e-07
500		3.040e-06	2.440e-06	6.910e-07	4.100e-07
650		4.040e-06	3.170e-06	8.990e-07	5.370e-07
800		4.860e-06	4.000e-06	1.090e-06	6.460e-07
950		5.770e-06	4.640e-06	1.310e-06	7.920e-07
1100		6.680e-06	5.370e-06	1.490e-06	8.850e-07
1250		7.680e-06	6.090e-06	1.720e-06	1.020e-06
1400		8.500e-06	7.810e-06	1.850e-06	1.100e-06
1550		9.410e-06	7.570e-06	2.140e-06	1.270e-06
1700		1.030e-05	8.360e-06	2.300e-06	1.360e-06
1850		1.120e-05	9.000e-06	2.550e-06	1.510e-06
2000		1.210e-05	9.820e-06	2.710e-06	1.610e-06
2150		1.310e-05	1.040e-05	2.960e-06	1.770e-06
2300		1.400e-05	1.110e-05	3.110e-06	1.840e-06
2450		1.490e-05	1.280e-05	3.380e-06	2.020e-06
2600		1.580e-05	1.270e-05	3.520e-06	2.080e-06
2750		1.670e-05	1.330e-05	3.780e-06	2.260e-06
2900		1.760e-05	1.410e-05	3.930e-06	2.270e-06
3050		1.850e-05	1.480e-05	4.220e-06	2.520e-06
3200		1.940e-05	1.550e-05	5.730e-06	4.650e-06
3350		3.660e-05	2.930e-05	8.450e-06	5.060e-06
3500		3.830e-05	3.120e-05	8.680e-06	5.180e-06
3650		3.990e-05	3.200e-05	9.060e-06	5.250e-06
3800		4.150e-05	3.150e-05	5.360e-06	2.980e-06
3950		2.500e-05	1.920e-05	5.420e-06	3.250e-06
4100		2.490e-05	1.990e-05	5.570e-06	3.290e-06
4250		2.580e-05	2.070e-05	5.840e-06	3.470e-06
4400		2.670e-05	2.130e-05	5.940e-06	3.520e-06
4550		2.850e-05	2.210e-05	6.250e-06	3.740e-06
4700		2.850e-05	2.280e-05	6.350e-06	3.820e-06
4850		2.940e-05	2.360e-05	6.660e-06	3.960e-06
5000		3.030e-05	2.430e-05	6.800e-06	3.910e-06
5150		3.120e-05	2.500e-05	7.070e-06	4.230e-06
5300		3.210e-05	2.660e-05	7.150e-06	4.250e-06
5450		3.310e-05	2.650e-05	7.490e-06	4.460e-06
5600		3.400e-05	2.720e-05	7.560e-06	4.480e-06
5750		3.490e-05	3.040e-05	1.460e-05	8.660e-06
5900		6.450e-05	5.200e-05	1.460e-05	8.530e-06
6050		6.620e-05	5.290e-05	1.610e-05	8.690e-06
6200		6.830e-05	5.420e-05	1.470e-05	8.870e-06
6350		7.010e-05	5.560e-05	1.600e-05	9.570e-06
6500		7.100e-05	5.740e-05	1.610e-05	9.530e-06
6650		7.270e-05	5.820e-05	1.750e-05	1.020e-05
6800		7.440e-05	5.950e-05	1.690e-05	1.000e-05
6950		7.640e-05	6.190e-05	1.760e-05	1.150e-05
7100		7.960e-05	6.240e-05	1.760e-05	1.040e-05
7250		7.920e-05	6.410e-05	1.830e-05	1.090e-05
7400		8.090e-05	6.480e-05	1.840e-05	1.080e-05
7550		8.310e-05	6.610e-05	1.830e-05	1.090e-05
7700		8.410e-05	6.760e-05	1.890e-05	1.080e-05
7850		6.290e-05	3.820e-05	1.050e-05	1.105e-05
8000		8.800e-05	7.010e-05	1.980e-05	1.180e-05
8192		8.960e-05	7.220e-05	1.970e-05	1.150e-05
16384		1.790e-04	1.440e-04	3.940e-05	2.310e-05
32768		3.610e-04	2.870e-04	7.880e-05	4.620e-05
65536		7.230e-04	5.740e-04	1.580e-04	9.820e-05
131072		1.440e-03	1.150e-03	3.160e-04	1.870e-04
262144		2.890e-03	2.300e-03	6.330e-04	3.720e-04
524288		5.760e-03	4.670e-03	1.280e-03	7.680e-04
1048576		1.180e-02	9.760e-03	2.630e-03	1.880e-03
2097152		2.410e-02	1.910e-02	5.960e-03	4.510e-03
4194304		5.520e-02	3.880e-02	1.950e-02	7.290e-03
