function: (32-bit) modular dot product
unit: all measurements in seconds
profiled: seq no-vec | seq auto-vec | seq loop-unrolled | flint | avx2 | avx2 loop-unrolled | avx512 | avx512 loop-unrolled
bitsize: 25

len/func	s-novec		s-vec		s-unr		flint		avx2		avx2u		avx512		avx512u
10		6.600e-09	6.890e-09	6.440e-09	7.530e-09	5.870e-09	6.650e-09	6.830e-09	7.270e-09
35		1.680e-08	1.130e-08	1.570e-08	1.190e-08	9.230e-09	8.640e-09	8.790e-09	8.780e-09
60		2.780e-08	1.380e-08	2.140e-08	1.430e-08	1.120e-08	1.250e-08	1.190e-08	1.230e-08
85		3.900e-08	1.810e-08	2.900e-08	1.850e-08	1.470e-08	1.330e-08	1.490e-08	1.480e-08
110		5.040e-08	2.190e-08	3.670e-08	1.840e-08	1.810e-08	1.530e-08	1.900e-08	1.930e-08
135		6.180e-08	2.640e-08	4.360e-08	2.270e-08	2.180e-08	1.750e-08	2.310e-08	2.270e-08
160		7.990e-08	2.940e-08	4.930e-08	2.200e-08	2.440e-08	1.690e-08	2.090e-08	2.010e-08
185		9.120e-08	3.440e-08	5.640e-08	2.610e-08	2.840e-08	2.080e-08	2.400e-08	2.330e-08
210		1.040e-07	3.890e-08	6.390e-08	3.390e-08	3.370e-08	2.680e-08	3.610e-08	3.670e-08
360		1.740e-07	6.110e-08	1.060e-07	4.040e-08	5.380e-08	3.570e-08	4.010e-08	3.920e-08
510		2.440e-07	8.500e-08	1.490e-07	6.770e-08	7.740e-08	5.750e-08	7.420e-08	7.420e-08
660		3.140e-07	1.100e-07	1.890e-07	7.430e-08	1.050e-07	6.580e-08	9.730e-08	9.710e-08
810		3.850e-07	1.330e-07	2.310e-07	9.830e-08	1.320e-07	9.250e-08	1.150e-07	1.160e-07
960		4.530e-07	1.590e-07	2.730e-07	1.020e-07	1.600e-07	9.200e-08	1.040e-07	1.010e-07
1110		5.240e-07	1.860e-07	3.150e-07	1.430e-07	1.870e-07	1.260e-07	1.560e-07	1.560e-07
1260		5.940e-07	2.130e-07	3.610e-07	1.360e-07	2.150e-07	1.240e-07	1.800e-07	1.800e-07
1410		6.640e-07	2.300e-07	3.990e-07	1.680e-07	2.400e-07	1.610e-07	1.970e-07	2.010e-07
1560		7.340e-07	2.590e-07	4.400e-07	1.650e-07	2.690e-07	1.540e-07	1.680e-07	1.640e-07
1710		8.030e-07	2.840e-07	4.830e-07	2.220e-07	2.990e-07	1.990e-07	2.410e-07	2.430e-07
1860		8.730e-07	3.080e-07	5.230e-07	1.960e-07	3.240e-07	1.840e-07	2.600e-07	2.610e-07
2010		9.440e-07	3.270e-07	5.660e-07	2.410e-07	3.490e-07	2.330e-07	2.790e-07	2.800e-07
2160		1.010e-06	3.580e-07	6.060e-07	2.290e-07	3.780e-07	2.160e-07	2.330e-07	2.260e-07
2310		1.080e-06	3.890e-07	6.500e-07	3.010e-07	4.120e-07	2.750e-07	3.240e-07	3.270e-07
2460		1.150e-06	4.080e-07	6.950e-07	2.590e-07	4.330e-07	2.440e-07	3.410e-07	3.440e-07
2610		1.220e-06	4.250e-07	7.370e-07	3.110e-07	4.580e-07	3.040e-07	3.620e-07	3.640e-07
2760		1.300e-06	4.630e-07	7.770e-07	2.960e-07	4.870e-07	2.790e-07	2.950e-07	2.890e-07
2910		1.370e-06	4.840e-07	8.200e-07	3.740e-07	5.140e-07	3.390e-07	4.030e-07	4.080e-07
3060		1.440e-06	5.090e-07	8.580e-07	3.330e-07	5.440e-07	3.120e-07	4.550e-07	4.560e-07
3210		1.510e-06	6.680e-07	9.070e-07	4.960e-07	6.310e-07	5.410e-07	8.010e-07	7.050e-07
3360		1.580e-06	7.600e-07	9.470e-07	5.150e-07	7.830e-07	5.870e-07	5.400e-07	6.300e-07
3510		1.660e-06	8.590e-07	9.910e-07	6.030e-07	8.580e-07	6.770e-07	1.120e-06	9.070e-07
3660		1.720e-06	8.260e-07	1.030e-06	5.520e-07	8.510e-07	6.320e-07	1.180e-06	9.530e-07
3810		1.800e-06	9.180e-07	1.080e-06	6.820e-07	9.360e-07	7.540e-07	1.220e-06	1.000e-06
3960		1.870e-06	8.970e-07	1.110e-06	6.020e-07	9.170e-07	6.910e-07	8.230e-07	7.410e-07
4110		1.960e-06	1.020e-06	1.160e-06	6.900e-07	1.030e-06	8.140e-07	1.340e-06	1.090e-06
4260		2.010e-06	9.620e-07	1.200e-06	6.450e-07	9.920e-07	7.370e-07	1.370e-06	1.110e-06
4410		2.080e-06	1.060e-06	1.240e-06	7.810e-07	1.090e-06	8.680e-07	1.410e-06	1.150e-06
4560		2.150e-06	1.030e-06	1.280e-06	6.910e-07	1.060e-06	7.950e-07	9.510e-07	8.530e-07
4710		2.220e-06	1.150e-06	1.320e-06	8.030e-07	1.150e-06	9.110e-07	1.510e-06	1.220e-06
4860		2.290e-06	1.100e-06	1.370e-06	7.320e-07	1.130e-06	8.420e-07	1.570e-06	1.270e-06
5010		2.360e-06	1.210e-06	1.410e-06	8.820e-07	1.220e-06	9.840e-07	1.610e-06	1.310e-06
5160		2.430e-06	1.160e-06	1.450e-06	7.890e-07	1.200e-06	9.080e-07	1.070e-06	9.750e-07
5310		2.500e-06	1.300e-06	1.490e-06	9.090e-07	1.300e-06	1.030e-06	1.700e-06	1.380e-06
5460		2.570e-06	1.230e-06	1.530e-06	8.190e-07	1.270e-06	9.450e-07	1.750e-06	1.420e-06
5610		2.660e-06	1.400e-06	1.610e-06	1.000e-06	1.380e-06	1.140e-06	1.830e-06	1.480e-06
5760		2.710e-06	1.300e-06	1.620e-06	8.690e-07	1.340e-06	1.010e-06	1.210e-06	1.070e-06
5910		2.780e-06	1.450e-06	1.660e-06	1.010e-06	1.450e-06	1.140e-06	1.910e-06	1.540e-06
6060		2.860e-06	1.370e-06	1.700e-06	9.100e-07	1.450e-06	1.040e-06	1.950e-06	1.580e-06
6210		2.930e-06	1.490e-06	1.750e-06	1.110e-06	1.520e-06	1.230e-06	1.990e-06	1.630e-06
6360		2.990e-06	1.440e-06	1.780e-06	9.670e-07	1.480e-06	1.110e-06	1.330e-06	1.190e-06
6510		3.060e-06	1.590e-06	1.830e-06	1.110e-06	1.600e-06	1.260e-06	2.090e-06	1.690e-06
6660		3.150e-06	1.510e-06	1.870e-06	1.000e-06	1.560e-06	1.180e-06	2.200e-06	1.800e-06
6810		3.200e-06	1.630e-06	1.920e-06	1.190e-06	1.670e-06	1.340e-06	2.190e-06	1.770e-06
6960		3.270e-06	1.570e-06	1.950e-06	1.060e-06	1.610e-06	1.210e-06	1.480e-06	1.300e-06
7110		3.340e-06	1.740e-06	2.000e-06	1.200e-06	1.750e-06	1.370e-06	2.280e-06	1.850e-06
7260		3.420e-06	1.640e-06	2.040e-06	1.080e-06	1.690e-06	1.250e-06	2.330e-06	1.890e-06
7410		3.490e-06	1.770e-06	2.080e-06	1.300e-06	1.810e-06	1.460e-06	2.390e-06	1.930e-06
7560		3.560e-06	1.690e-06	2.120e-06	1.130e-06	1.740e-06	1.310e-06	1.580e-06	1.410e-06
7710		3.620e-06	1.910e-06	2.160e-06	1.300e-06	1.900e-06	1.530e-06	2.500e-06	2.060e-06
7860		3.700e-06	1.770e-06	2.200e-06	1.180e-06	1.820e-06	1.360e-06	2.520e-06	2.130e-06
8192		3.920e-06	1.890e-06	2.290e-06	1.240e-06	1.940e-06	1.400e-06	1.720e-06	1.480e-06
16384		7.690e-06	3.780e-06	4.580e-06	2.460e-06	3.870e-06	2.800e-06	3.450e-06	2.950e-06
32768		1.550e-05	7.560e-06	9.150e-06	5.050e-06	7.730e-06	5.590e-06	6.910e-06	5.930e-06
65536		3.100e-05	1.590e-05	1.870e-05	1.110e-05	1.640e-05	1.200e-05	1.510e-05	1.350e-05
131072		7.060e-05	6.350e-05	6.270e-05	6.260e-05	6.290e-05	6.290e-05	6.290e-05	6.300e-05
262144		1.400e-04	1.300e-04	1.270e-04	1.290e-04	1.300e-04	1.310e-04	1.300e-04	1.300e-04
524288		2.810e-04	2.620e-04	2.540e-04	2.590e-04	2.600e-04	2.600e-04	2.590e-04	2.590e-04
1048576		5.940e-04	5.430e-04	5.320e-04	5.310e-04	5.360e-04	5.350e-04	5.290e-04	5.260e-04
2097152		1.630e-03	1.590e-03	1.620e-03	1.510e-03	1.570e-03	1.490e-03	1.380e-03	1.280e-03
4194304		4.020e-03	3.950e-03	4.020e-03	4.370e-03	4.200e-03	4.330e-03	3.730e-03	3.950e-03
