function: (??-bit) modular dot product
unit: all measurements in seconds
profiled: seq no-vec | seq auto-vec | flint | seq split | seq karatsuba | avx2 split | avx2 karatsuba | avx512 split | avx512 karatsuba
bitsize: 45

len/func	s-novec		s-vec		flint		split		kara		split avx2	kara avx2	split avx512	kara avx512
10		8.940e-09	9.020e-09	1.680e-08	2.280e-08	2.320e-08	2.000e-08	2.140e-08	2.280e-08
35		2.170e-08	2.470e-08	3.570e-08	5.310e-08	5.300e-08	3.900e-08	4.180e-08	3.740e-08
60		3.930e-08	4.040e-08	5.140e-08	7.730e-08	7.710e-08	5.420e-08	5.070e-08	5.360e-08
85		5.420e-08	6.110e-08	6.480e-08	9.440e-08	9.380e-08	6.360e-08	5.990e-08	5.540e-08
110		6.750e-08	7.680e-08	7.960e-08	1.180e-07	1.190e-07	7.970e-08	7.680e-08	7.400e-08
135		8.520e-08	9.250e-08	9.640e-08	1.470e-07	1.470e-07	1.000e-07	9.280e-08	9.390e-08
160		9.880e-08	1.080e-07	1.110e-07	1.680e-07	1.680e-07	1.100e-07	1.020e-07	8.700e-08
185		1.130e-07	1.240e-07	1.260e-07	1.850e-07	1.860e-07	1.220e-07	1.110e-07	9.470e-08
210		1.250e-07	1.390e-07	1.410e-07	2.130e-07	2.130e-07	1.370e-07	1.270e-07	1.090e-07
360		2.080e-07	2.340e-07	2.300e-07	3.350e-07	3.370e-07	2.130e-07	1.950e-07	1.530e-07
510		2.860e-07	3.280e-07	3.200e-07	4.850e-07	4.880e-07	3.040e-07	2.850e-07	2.310e-07
660		3.710e-07	4.220e-07	4.090e-07	6.000e-07	6.050e-07	3.780e-07	3.460e-07	2.820e-07
810		4.550e-07	5.160e-07	4.980e-07	7.580e-07	7.570e-07	4.660e-07	4.330e-07	3.260e-07
960		5.350e-07	6.100e-07	5.880e-07	8.590e-07	8.650e-07	5.400e-07	4.910e-07	3.490e-07
1110		6.170e-07	7.040e-07	6.780e-07	1.010e-06	1.010e-06	6.260e-07	5.820e-07	4.410e-07
1260		6.980e-07	7.980e-07	7.690e-07	1.130e-06	1.130e-06	7.010e-07	6.370e-07	4.920e-07
1410		7.820e-07	8.920e-07	8.560e-07	1.300e-06	1.290e-06	7.870e-07	7.320e-07	5.350e-07
1560		8.670e-07	9.870e-07	9.490e-07	1.370e-06	1.380e-06	8.630e-07	7.870e-07	5.440e-07
1710		9.500e-07	1.090e-06	1.040e-06	1.540e-06	1.540e-06	9.500e-07	8.800e-07	6.470e-07
1860		1.030e-06	1.180e-06	1.150e-06	1.640e-06	1.650e-06	1.030e-06	9.380e-07	7.370e-07
2010		1.110e-06	1.270e-06	1.240e-06	1.850e-06	1.830e-06	1.110e-06	1.060e-06	7.750e-07
2160		1.220e-06	1.360e-06	1.310e-06	1.910e-06	1.920e-06	1.220e-06	1.160e-06	8.760e-07
2310		1.350e-06	1.460e-06	1.410e-06	2.120e-06	2.110e-06	1.430e-06	1.370e-06	1.210e-06
2460		1.440e-06	1.550e-06	1.500e-06	2.200e-06	2.200e-06	1.460e-06	1.410e-06	1.290e-06
2610		1.520e-06	1.640e-06	1.590e-06	2.430e-06	2.440e-06	1.610e-06	1.600e-06	1.350e-06
2760		1.610e-06	1.740e-06	1.680e-06	2.470e-06	2.470e-06	1.630e-06	1.580e-06	1.230e-06
2910		1.700e-06	1.840e-06	1.780e-06	2.670e-06	2.670e-06	1.790e-06	1.710e-06	1.530e-06
3060		1.800e-06	1.930e-06	1.950e-06	2.770e-06	2.760e-06	1.850e-06	1.770e-06	1.640e-06
3210		1.880e-06	2.020e-06	1.950e-06	2.990e-06	3.000e-06	1.980e-06	1.960e-06	1.660e-06
3360		1.970e-06	2.120e-06	2.030e-06	2.990e-06	3.000e-06	1.980e-06	1.920e-06	1.500e-06
3510		2.050e-06	2.210e-06	2.130e-06	3.210e-06	3.190e-06	2.160e-06	2.060e-06	1.820e-06
3660		2.140e-06	2.310e-06	2.220e-06	3.260e-06	3.280e-06	2.160e-06	2.090e-06	1.890e-06
3810		2.230e-06	2.400e-06	2.310e-06	3.540e-06	3.560e-06	2.340e-06	2.330e-06	1.970e-06
3960		2.310e-06	2.500e-06	2.400e-06	3.540e-06	3.550e-06	2.330e-06	2.250e-06	1.770e-06
4110		2.420e-06	2.590e-06	2.700e-06	3.780e-06	3.840e-06	2.540e-06	2.460e-06	2.150e-06
4260		2.490e-06	2.690e-06	2.590e-06	3.790e-06	3.790e-06	2.500e-06	2.420e-06	2.200e-06
4410		2.570e-06	2.780e-06	2.670e-06	4.100e-06	4.110e-06	2.690e-06	2.700e-06	2.270e-06
4560		2.660e-06	2.870e-06	2.760e-06	4.060e-06	4.060e-06	2.690e-06	2.590e-06	2.010e-06
4710		2.740e-06	2.960e-06	2.860e-06	4.290e-06	4.290e-06	2.880e-06	2.760e-06	2.430e-06
4860		2.830e-06	3.050e-06	2.950e-06	4.320e-06	4.310e-06	2.840e-06	2.760e-06	2.510e-06
5010		2.910e-06	3.150e-06	3.020e-06	4.650e-06	4.660e-06	3.050e-06	3.040e-06	2.560e-06
5160		3.000e-06	3.250e-06	3.130e-06	4.580e-06	4.590e-06	3.030e-06	2.920e-06	2.280e-06
5310		3.090e-06	3.340e-06	3.230e-06	4.840e-06	4.830e-06	3.240e-06	3.110e-06	2.740e-06
5460		3.170e-06	3.430e-06	3.300e-06	4.830e-06	4.840e-06	3.200e-06	3.100e-06	2.800e-06
5610		3.200e-06	3.530e-06	3.560e-06	5.230e-06	5.240e-06	3.450e-06	3.430e-06	2.910e-06
5760		3.340e-06	3.620e-06	3.470e-06	5.100e-06	5.150e-06	3.380e-06	3.260e-06	2.540e-06
5910		3.440e-06	3.720e-06	3.580e-06	5.380e-06	5.350e-06	3.600e-06	3.450e-06	3.030e-06
6060		3.510e-06	3.810e-06	3.660e-06	5.370e-06	5.370e-06	3.540e-06	3.430e-06	3.100e-06
6210		3.600e-06	3.900e-06	3.740e-06	5.770e-06	5.770e-06	3.790e-06	3.770e-06	3.180e-06
6360		3.690e-06	3.990e-06	3.840e-06	5.630e-06	5.650e-06	3.720e-06	3.600e-06	2.810e-06
6510		3.780e-06	4.090e-06	3.950e-06	5.920e-06	5.890e-06	3.960e-06	3.820e-06	3.340e-06
6660		4.000e-06	4.190e-06	4.240e-06	6.110e-06	6.110e-06	4.030e-06	3.920e-06	3.510e-06
6810		3.950e-06	4.280e-06	4.110e-06	6.310e-06	6.330e-06	4.150e-06	4.120e-06	3.490e-06
6960		4.050e-06	4.380e-06	4.200e-06	6.160e-06	6.190e-06	4.070e-06	3.940e-06	3.050e-06
7110		4.120e-06	4.470e-06	4.300e-06	6.460e-06	6.460e-06	4.340e-06	4.180e-06	3.640e-06
7260		4.210e-06	4.560e-06	4.390e-06	6.420e-06	6.420e-06	4.230e-06	4.120e-06	3.720e-06
7410		4.300e-06	4.650e-06	4.460e-06	6.860e-06	6.880e-06	4.480e-06	4.480e-06	3.780e-06
7560		4.390e-06	4.740e-06	4.560e-06	6.720e-06	6.720e-06	4.420e-06	4.270e-06	3.320e-06
7710		4.480e-06	4.840e-06	4.670e-06	7.000e-06	6.970e-06	4.710e-06	4.510e-06	3.960e-06
7860		4.560e-06	4.940e-06	4.730e-06	6.950e-06	6.980e-06	4.590e-06	4.450e-06	4.010e-06
8192		4.860e-06	5.150e-06	5.180e-06	7.360e-06	7.380e-06	4.870e-06	4.760e-06	3.650e-06
16384		9.460e-06	1.030e-05	1.030e-05	1.450e-05	1.490e-05	9.730e-06	9.470e-06	7.260e-06
32768		1.920e-05	2.060e-05	2.080e-05	2.970e-05	2.990e-05	1.950e-05	1.920e-05	1.450e-05
65536		4.090e-05	4.260e-05	4.310e-05	5.970e-05	6.010e-05	4.160e-05	4.040e-05	3.330e-05
131072		9.640e-05	9.580e-05	9.740e-05	1.220e-04	1.220e-04	9.820e-05	9.620e-05	8.960e-05
262144		1.920e-04	1.880e-04	1.950e-04	2.450e-04	2.450e-04	1.960e-04	1.910e-04	1.790e-04
524288		3.840e-04	3.830e-04	4.060e-04	5.380e-04	5.380e-04	4.000e-04	3.920e-04	3.590e-04
1048576		7.750e-04	7.850e-04	8.380e-04	1.130e-03	1.120e-03	8.180e-04	8.110e-04	7.230e-04
2097152		3.760e-03	3.860e-03	4.130e-03	4.240e-03	4.180e-03	3.920e-03	4.110e-03	3.650e-03
4194304		1.060e-02	1.040e-02	1.070e-02	1.190e-02	1.180e-02	1.080e-02	1.130e-02	1.070e-02
