function: dot product mod
unit: all measurements in seconds
profiled: seq no-vec | seq auto-vec | split seq | kara seq | split avx2 | kara avx2 | avx512 split | avx512 karatsuba
bitsize: 25

len/func	seq		s-vec		split		kara		split avx2	kara avx2	split avx512	kara avx512
10		9.260e-09	9.010e-09	2.290e-08	2.280e-08	1.950e-08	2.110e-08	2.270e-08	2.270e-08
35		2.500e-08	2.180e-08	5.280e-08	5.270e-08	3.870e-08	4.190e-08	3.740e-08	3.820e-08
60		4.070e-08	3.560e-08	7.240e-08	7.250e-08	4.540e-08	4.810e-08	5.010e-08	5.280e-08
85		6.160e-08	5.400e-08	9.290e-08	9.360e-08	6.240e-08	5.990e-08	5.560e-08	5.790e-08
110		7.710e-08	7.370e-08	1.160e-07	1.170e-07	7.540e-08	7.480e-08	7.560e-08	7.110e-08
135		9.280e-08	8.320e-08	1.400e-07	1.410e-07	9.320e-08	9.120e-08	8.430e-08	7.930e-08
160		1.090e-07	9.640e-08	1.580e-07	1.610e-07	1.000e-07	9.620e-08	7.710e-08	7.450e-08
185		1.240e-07	1.090e-07	1.780e-07	1.780e-07	1.080e-07	1.070e-07	8.510e-08	8.220e-08
210		1.400e-07	1.260e-07	2.060e-07	2.040e-07	1.210e-07	1.230e-07	9.650e-08	9.470e-08
360		2.340e-07	2.030e-07	3.280e-07	3.290e-07	1.890e-07	1.900e-07	1.420e-07	1.390e-07
510		3.280e-07	2.870e-07	4.680e-07	4.690e-07	2.690e-07	2.740e-07	2.140e-07	2.100e-07
660		4.220e-07	3.690e-07	5.870e-07	5.910e-07	3.320e-07	3.380e-07	2.700e-07	2.650e-07
810		5.160e-07	4.530e-07	7.440e-07	7.420e-07	4.080e-07	4.250e-07	3.130e-07	3.080e-07
960		6.100e-07	5.380e-07	8.430e-07	8.490e-07	4.710e-07	4.820e-07	3.390e-07	3.390e-07
1110		7.040e-07	6.150e-07	1.000e-06	1.000e-06	5.600e-07	5.720e-07	4.280e-07	4.210e-07
1260		7.980e-07	7.000e-07	1.100e-06	1.110e-06	6.110e-07	6.260e-07	4.800e-07	4.730e-07
1410		8.920e-07	7.810e-07	1.280e-06	1.270e-06	6.900e-07	7.250e-07	5.200e-07	5.140e-07
1560		9.870e-07	8.640e-07	1.360e-06	1.370e-06	7.520e-07	7.690e-07	5.330e-07	5.360e-07
1710		1.080e-06	9.440e-07	1.530e-06	1.520e-06	8.500e-07	8.740e-07	6.400e-07	6.330e-07
1860		1.170e-06	1.030e-06	1.630e-06	1.650e-06	9.000e-07	9.250e-07	7.080e-07	6.940e-07
2010		1.270e-06	1.110e-06	1.850e-06	1.830e-06	1.020e-06	1.060e-06	7.610e-07	7.520e-07
2160		1.370e-06	1.230e-06	1.920e-06	1.920e-06	1.190e-06	1.180e-06	8.820e-07	8.760e-07
2310		1.460e-06	1.340e-06	2.120e-06	2.110e-06	1.410e-06	1.360e-06	1.200e-06	1.160e-06
2460		1.560e-06	1.430e-06	2.180e-06	2.190e-06	1.470e-06	1.420e-06	1.290e-06	1.230e-06
2610		1.640e-06	1.520e-06	2.430e-06	2.430e-06	1.620e-06	1.590e-06	1.350e-06	1.300e-06
2760		1.740e-06	1.610e-06	2.450e-06	2.460e-06	1.640e-06	1.570e-06	1.230e-06	1.200e-06
2910		1.840e-06	1.690e-06	2.660e-06	2.640e-06	1.780e-06	1.720e-06	1.510e-06	1.460e-06
3060		1.930e-06	1.800e-06	2.760e-06	2.740e-06	1.860e-06	1.770e-06	1.620e-06	1.550e-06
3210		2.020e-06	1.860e-06	2.990e-06	3.000e-06	1.980e-06	1.960e-06	1.660e-06	1.590e-06
3360		2.110e-06	1.950e-06	2.980e-06	2.990e-06	2.000e-06	1.900e-06	1.480e-06	1.450e-06
3510		2.210e-06	2.040e-06	3.200e-06	3.190e-06	2.140e-06	2.060e-06	1.810e-06	1.760e-06
3660		2.310e-06	2.130e-06	3.250e-06	3.240e-06	2.170e-06	2.080e-06	1.880e-06	1.810e-06
3810		2.400e-06	2.210e-06	3.540e-06	3.550e-06	2.340e-06	2.320e-06	1.950e-06	1.890e-06
3960		2.490e-06	2.300e-06	3.510e-06	3.530e-06	2.350e-06	2.240e-06	1.750e-06	1.710e-06
4110		2.590e-06	2.430e-06	3.820e-06	3.870e-06	2.530e-06	2.480e-06	2.140e-06	2.060e-06
4260		2.680e-06	2.470e-06	3.770e-06	3.770e-06	2.510e-06	2.420e-06	2.190e-06	2.120e-06
4410		2.770e-06	2.560e-06	4.090e-06	4.100e-06	2.700e-06	2.670e-06	2.270e-06	2.180e-06
4560		2.870e-06	2.650e-06	4.040e-06	4.060e-06	2.700e-06	2.580e-06	2.010e-06	1.960e-06
4710		2.960e-06	2.730e-06	4.280e-06	4.260e-06	2.860e-06	2.760e-06	2.420e-06	2.340e-06
4860		3.050e-06	2.820e-06	4.300e-06	4.300e-06	2.870e-06	2.750e-06	2.500e-06	2.400e-06
5010		3.150e-06	2.920e-06	4.640e-06	4.660e-06	3.070e-06	3.040e-06	2.560e-06	2.470e-06
5160		3.240e-06	3.010e-06	4.570e-06	4.590e-06	3.050e-06	2.910e-06	2.270e-06	2.210e-06
5310		3.340e-06	3.090e-06	4.830e-06	4.810e-06	3.220e-06	3.110e-06	2.740e-06	2.640e-06
5460		3.430e-06	3.170e-06	4.830e-06	4.830e-06	3.220e-06	3.090e-06	2.790e-06	2.690e-06
5610		3.530e-06	3.210e-06	5.290e-06	5.290e-06	3.470e-06	3.430e-06	2.890e-06	2.770e-06
5760		3.620e-06	3.350e-06	5.090e-06	5.110e-06	3.410e-06	3.250e-06	2.520e-06	2.470e-06
5910		3.720e-06	3.430e-06	5.370e-06	5.350e-06	3.580e-06	3.460e-06	3.030e-06	2.920e-06
6060		3.810e-06	3.520e-06	5.360e-06	5.360e-06	3.580e-06	3.430e-06	3.100e-06	2.990e-06
6210		3.900e-06	3.610e-06	5.750e-06	5.760e-06	3.790e-06	3.760e-06	3.170e-06	3.060e-06
6360		3.990e-06	3.700e-06	5.540e-06	5.590e-06	3.660e-06	3.560e-06	2.740e-06	2.680e-06
6510		4.100e-06	3.770e-06	5.860e-06	5.780e-06	3.920e-06	3.790e-06	3.320e-06	3.210e-06
6660		4.190e-06	3.980e-06	5.850e-06	5.850e-06	3.980e-06	3.810e-06	3.480e-06	3.410e-06
6810		4.280e-06	3.950e-06	6.260e-06	6.300e-06	4.160e-06	4.090e-06	3.460e-06	3.340e-06
6960		4.370e-06	4.030e-06	6.110e-06	6.130e-06	4.090e-06	3.900e-06	3.020e-06	2.960e-06
7110		4.470e-06	4.120e-06	6.430e-06	6.380e-06	4.280e-06	4.140e-06	3.620e-06	3.510e-06
7260		4.560e-06	4.200e-06	6.370e-06	6.370e-06	4.260e-06	4.070e-06	3.700e-06	3.570e-06
7410		4.650e-06	4.290e-06	6.850e-06	6.880e-06	4.530e-06	4.480e-06	3.770e-06	3.640e-06
7560		4.750e-06	4.390e-06	6.640e-06	6.670e-06	4.440e-06	4.240e-06	3.290e-06	3.210e-06
7710		4.850e-06	4.470e-06	6.960e-06	6.940e-06	4.650e-06	4.490e-06	3.930e-06	3.800e-06
7860		4.940e-06	4.550e-06	6.900e-06	6.900e-06	4.600e-06	4.430e-06	3.990e-06	3.860e-06
8192		5.150e-06	4.830e-06	7.340e-06	7.350e-06	4.910e-06	4.700e-06	3.620e-06	3.550e-06
16384		1.030e-05	9.640e-06	1.460e-05	1.490e-05	9.790e-06	9.340e-06	7.210e-06	7.100e-06
32768		2.060e-05	1.940e-05	2.910e-05	2.950e-05	1.950e-05	1.870e-05	1.450e-05	1.420e-05
65536		4.230e-05	4.040e-05	5.860e-05	5.960e-05	4.100e-05	3.980e-05	3.240e-05	3.160e-05
131072		9.330e-05	9.280e-05	1.210e-04	1.200e-04	9.620e-05	9.310e-05	8.760e-05	8.470e-05
262144		1.870e-04	1.870e-04	2.390e-04	2.410e-04	1.930e-04	1.860e-04	1.750e-04	1.700e-04
524288		3.690e-04	3.760e-04	5.290e-04	5.310e-04	3.920e-04	3.870e-04	3.500e-04	3.390e-04
1048576		7.560e-04	7.710e-04	1.130e-03	1.120e-03	8.040e-04	7.970e-04	7.140e-04	6.930e-04
2097152		2.760e-03	2.850e-03	3.370e-03	3.350e-03	2.870e-03	2.840e-03	2.660e-03	2.690e-03
4194304		8.990e-03	9.030e-03	9.950e-03	1.010e-02	9.540e-03	9.430e-03	8.970e-03	9.310e-03
