╰─ ./profile_sec2_new 25 1
function: dot product
unit: all measurements in seconds
profiled: seq no-vec | seq auto-vec | seq loop-unrolled | split | karatsuba | avx2 | avx2 loop-unrolled | avx512 | avx512 loop-unrolled
bitsize: 25

len/func        s-novec         s-vec           s-unr           split           kara            avx2            avx2u   avx512          avx512u
1               1.260e-09       1.820e-09       2.110e-09       2.940e-09       2.980e-09       2.080e-09       2.270e-09       2.100e-09       2.280e-09
2               1.480e-09       2.300e-09       2.070e-09       3.810e-09       3.850e-09       2.370e-09       2.210e-09       2.510e-09       2.490e-09
3               2.370e-09       2.700e-09       2.150e-09       4.670e-09       4.680e-09       2.550e-09       2.760e-09       2.730e-09       2.760e-09
4               2.580e-09       3.160e-09       2.130e-09       3.300e-09       3.410e-09       2.120e-09       3.000e-09       3.010e-09       2.970e-09
5               2.830e-09       3.560e-09       2.530e-09       4.300e-09       4.480e-09       2.110e-09       2.350e-09       3.190e-09       3.200e-09
6               2.450e-09       4.040e-09       2.690e-09       5.130e-09       5.430e-09       2.390e-09       2.570e-09       3.500e-09       3.450e-09
7               2.640e-09       4.560e-09       3.010e-09       6.030e-09       6.260e-09       2.220e-09       2.710e-09       3.190e-09       3.740e-09
8               3.420e-09       4.650e-09       2.860e-09       3.800e-09       4.090e-09       2.360e-09       3.040e-09       1.950e-09       2.330e-09
9               3.680e-09       4.790e-09       3.520e-09       4.590e-09       4.640e-09       2.360e-09       2.370e-09       2.340e-09       2.360e-09
10              3.930e-09       5.760e-09       3.950e-09       5.420e-09       5.480e-09       2.630e-09       2.650e-09       2.570e-09       2.600e-09
11              4.180e-09       6.180e-09       4.060e-09       6.260e-09       6.270e-09       2.880e-09       2.830e-09       2.840e-09       2.860e-09
12              4.340e-09       6.650e-09       3.720e-09       5.860e-09       6.250e-09       2.530e-09       3.040e-09       3.030e-09       3.090e-09
13              4.530e-09       7.110e-09       4.580e-09       6.010e-09       6.350e-09       2.470e-09       2.660e-09       3.240e-09       3.270e-09
14              4.880e-09       7.350e-09       4.990e-09       6.870e-09       6.970e-09       2.780e-09       2.820e-09       3.480e-09       3.570e-09
15              5.280e-09       7.710e-09       4.890e-09       7.640e-09       7.730e-09       3.000e-09       3.020e-09       3.540e-09       4.010e-09
16              5.550e-09       8.290e-09       4.800e-09       5.170e-09       5.660e-09       2.720e-09       3.240e-09       1.930e-09       2.580e-09
17              5.920e-09       8.740e-09       5.420e-09       5.470e-09       6.020e-09       2.800e-09       2.610e-09       2.070e-09       2.590e-09
18              6.540e-09       9.020e-09       5.800e-09       6.020e-09       6.600e-09       3.010e-09       2.820e-09       2.780e-09       2.800e-09
19              7.150e-09       9.400e-09       6.110e-09       6.940e-09       7.290e-09       3.250e-09       3.040e-09       2.980e-09       3.090e-09
20              6.720e-09       9.910e-09       6.140e-09       7.260e-09       8.080e-09       2.930e-09       3.310e-09       3.230e-09       3.320e-09
21              7.020e-09       1.040e-08       6.590e-09       7.440e-09       8.150e-09       3.000e-09       2.630e-09       3.480e-09       3.490e-09
22              7.560e-09       1.080e-08       7.170e-09       7.790e-09       8.610e-09       3.230e-09       2.890e-09       3.670e-09       3.950e-09
23              7.800e-09       1.150e-08       7.150e-09       8.220e-09       8.980e-09       3.450e-09       3.060e-09       3.990e-09       4.290e-09
24              8.160e-09       1.150e-08       7.220e-09       6.380e-09       7.210e-09       3.170e-09       3.300e-09       2.770e-09       2.570e-09
25              8.200e-09       1.270e-08       7.670e-09       6.770e-09       7.500e-09       3.210e-09       2.860e-09       2.800e-09       2.690e-09
26              8.780e-09       1.300e-08       7.900e-09       7.460e-09       8.340e-09       3.410e-09       3.120e-09       3.010e-09       3.400e-09
27              9.120e-09       1.390e-08       8.060e-09       7.970e-09       9.320e-09       3.460e-09       3.300e-09       3.290e-09       3.610e-09
28              9.350e-09       1.430e-08       8.440e-09       8.900e-09       9.830e-09       3.370e-09       3.530e-09       3.490e-09       3.540e-09
29              1.090e-08       1.430e-08       8.780e-09       8.980e-09       9.900e-09       3.440e-09       3.070e-09       3.700e-09       3.890e-09
30              1.050e-08       1.470e-08       8.940e-09       9.210e-09       1.030e-08       3.610e-09       3.340e-09       4.010e-09       4.540e-09
31              1.050e-08       1.510e-08       9.040e-09       9.580e-09       1.030e-08       3.890e-09       3.490e-09       4.250e-09       4.800e-09
32              1.070e-08       1.540e-08       9.580e-09       7.730e-09       8.900e-09       3.450e-09       2.840e-09       3.000e-09       2.890e-09
33              1.030e-08       1.630e-08       1.000e-08       8.040e-09       9.170e-09       3.630e-09       3.250e-09       3.050e-09       3.000e-09
34              1.210e-08       1.660e-08       1.010e-08       8.490e-09       9.490e-09       3.940e-09       3.500e-09       3.380e-09       3.440e-09
35              1.210e-08       1.740e-08       1.030e-08       9.190e-09       1.030e-08       4.090e-09       3.770e-09       3.610e-09       3.780e-09
36              1.210e-08       1.720e-08       1.080e-08       1.010e-08       1.130e-08       4.920e-09       3.900e-09       3.760e-09       3.580e-09
37              1.230e-08       1.810e-08       1.120e-08       1.040e-08       1.130e-08       4.620e-09       3.710e-09       3.920e-09       3.900e-09
38              1.250e-08       1.850e-08       1.120e-08       1.030e-08       1.150e-08       4.710e-09       3.900e-09       4.840e-09       4.880e-09
39              1.430e-08       1.880e-08       1.180e-08       1.090e-08       1.210e-08       5.420e-09       4.110e-09       5.020e-09       4.990e-09
40              1.400e-08       1.880e-08       1.180e-08       9.190e-09       1.050e-08       4.220e-09       4.370e-09       3.240e-09       3.400e-09
41              1.310e-08       1.950e-08       1.200e-08       9.390e-09       1.120e-08       4.020e-09       3.880e-09       3.350e-09       3.760e-09
42              1.440e-08       1.970e-08       1.200e-08       1.006e-08       1.180e-08       4.260e-09       4.130e-09       4.140e-09       4.160e-09
43              1.530e-08       2.010e-08       1.220e-08       1.110e-08       1.220e-08       4.580e-09       4.310e-09       4.210e-09       4.370e-09
44              1.460e-08       2.160e-08       1.320e-08       1.140e-08       1.280e-08       4.250e-09       4.550e-09       4.010e-09       4.190e-09
45              1.540e-08       2.100e-08       1.310e-08       1.220e-08       1.290e-08       4.270e-09       3.920e-09       4.300e-09       4.510e-09
46              1.580e-08       2.180e-08       1.330e-08       1.160e-08       1.320e-08       4.180e-09       4.350e-09       5.350e-09       5.570e-09
47              1.570e-08       2.180e-08       1.340e-08       1.220e-08       1.380e-08       4.740e-09       4.610e-09       5.590e-09       5.970e-09
48              1.590e-08       2.230e-08       1.400e-08       1.070e-08       1.210e-08       4.450e-09       4.800e-09       3.780e-09       3.830e-09
49              1.720e-08       2.270e-08       1.430e-08       1.050e-08       1.220e-08       4.580e-09       4.070e-09       3.980e-09       4.080e-09
50              1.720e-08       2.360e-08       1.450e-08       1.090e-08       1.250e-08       4.780e-09       4.620e-09       4.750e-09       4.880e-09
51              1.740e-08       2.400e-08       1.500e-08       1.180e-08       1.290e-08       5.000e-09       4.850e-09       4.920e-09       4.920e-09
52              1.770e-08       2.360e-08       1.560e-08       1.270e-08       1.420e-08       4.910e-09       5.000e-09       4.600e-09       4.710e-09
53              1.920e-08       2.410e-08       1.560e-08       1.280e-08       1.440e-08       4.770e-09       4.340e-09       4.790e-09       5.060e-09
54              1.950e-08       2.520e-08       1.590e-08       1.320e-08       1.520e-08       4.950e-09       4.820e-09       5.740e-09       5.970e-09
55              1.860e-08       2.520e-08       1.630e-08       1.410e-08       1.540e-08       5.010e-09       4.990e-09       6.130e-09       6.390e-09
56              1.900e-08       2.580e-08       1.640e-08       1.200e-08       1.350e-08       4.530e-09       5.180e-09       4.460e-09       4.380e-09
57              1.960e-08       2.610e-08       1.680e-08       1.190e-08       1.350e-08       4.610e-09       4.540e-09       4.700e-09       4.590e-09
58              1.960e-08       2.670e-08       1.700e-08       1.220e-08       1.390e-08       5.290e-09       5.370e-09       5.390e-09       5.480e-09
59              2.070e-08       2.770e-08       1.710e-08       1.320e-08       1.420e-08       5.450e-09       5.580e-09       5.660e-09       5.640e-09
60              2.100e-08       2.770e-08       1.800e-08       1.400e-08       1.570e-08       5.350e-09       5.220e-09       5.050e-09       5.250e-09
61              2.050e-08       2.820e-08       1.770e-08       1.440e-08       1.610e-08       5.130e-09       4.830e-09       5.270e-09       5.590e-09
62              2.030e-08       2.980e-08       1.810e-08       1.450e-08       1.630e-08       5.590e-09       5.490e-09       6.240e-09       6.390e-09
63              2.120e-08       2.860e-08       1.850e-08       1.570e-08       1.610e-08       5.680e-09       5.870e-09       6.510e-09       6.840e-09
64              2.140e-08       2.880e-08       1.850e-08       1.340e-08       1.530e-08       5.500e-09       4.880e-09       4.970e-09       5.070e-09
65              2.210e-08       3.000e-08       1.910e-08       1.310e-08       1.500e-08       5.410e-09       4.930e-09       5.320e-09       5.260e-09
66              2.280e-08       3.000e-08       1.920e-08       1.340e-08       1.570e-08       5.950e-09       6.080e-09       6.160e-09       6.150e-09
67              2.240e-08       3.070e-08       1.940e-08       1.400e-08       1.560e-08       6.190e-09       6.110e-09       6.350e-09       6.260e-09
68              2.240e-08       3.200e-08       2.060e-08       1.560e-08       1.730e-08       5.600e-09       5.560e-09       5.500e-09       5.600e-09
69              2.320e-08       3.110e-08       2.080e-08       1.530e-08       1.730e-08       5.620e-09       5.230e-09       5.880e-09       5.830e-09
70              2.360e-08       3.180e-08       2.040e-08       1.620e-08       1.830e-08       6.200e-09       6.110e-09       6.830e-09       6.820e-09
71              2.380e-08       3.220e-08       2.090e-08       1.710e-08       1.840e-08       6.330e-09       6.390e-09       7.180e-09       6.970e-09
72              2.410e-08       3.260e-08       2.200e-08       1.410e-08       1.650e-08       5.900e-09       5.860e-09       5.950e-09       5.610e-09
73              2.220e-08       3.670e-08       2.170e-08       1.450e-08       1.720e-08       5.810e-09       5.520e-09       6.060e-09       5.780e-09
74              2.720e-08       3.750e-08       2.120e-08       1.570e-08       1.750e-08       6.780e-09       6.710e-09       7.090e-09       6.910e-09
75              2.890e-08       3.780e-08       2.170e-08       1.500e-08       1.750e-08       6.880e-09       6.810e-09       7.230e-09       6.940e-09
76              2.930e-08       3.830e-08       2.220e-08       1.640e-08       1.960e-08       6.180e-09       6.180e-09       6.590e-09       6.260e-09
77              3.050e-08       3.870e-08       2.230e-08       1.700e-08       1.910e-08       6.390e-09       5.940e-09       6.790e-09       6.570e-09
78              2.970e-08       3.900e-08       2.310e-08       1.740e-08       1.930e-08       6.890e-09       6.950e-09       7.710e-09       7.510e-09
79              3.170e-08       3.880e-08       2.270e-08       1.840e-08       1.960e-08       7.070e-09       7.070e-09       7.990e-09       7.870e-09
80              3.070e-08       3.920e-08       2.330e-08       1.550e-08       1.920e-08       6.380e-09       6.380e-09       6.230e-09       6.230e-09
81              3.140e-08       4.010e-08       2.350e-08       1.650e-08       1.850e-08       6.480e-09       6.090e-09       6.400e-09       6.410e-09
82              3.230e-08       4.090e-08       2.420e-08       1.630e-08       1.890e-08       7.470e-09       7.580e-09       7.630e-09       7.490e-09
83              3.270e-08       4.110e-08       2.460e-08       1.710e-08       1.960e-08       7.520e-09       7.590e-09       7.810e-09       7.730e-09
84              3.030e-08       4.160e-08       2.460e-08       1.820e-08       2.030e-08       6.840e-09       6.630e-09       6.890e-09       6.790e-09
85              3.140e-08       4.180e-08       2.470e-08       1.810e-08       2.040e-08       6.880e-09       6.460e-09       7.030e-09       6.990e-09
86              3.230e-08       4.140e-08       2.550e-08       1.890e-08       2.120e-08       7.590e-09       7.690e-09       8.250e-09       8.210e-09
87              3.340e-08       4.310e-08       2.610e-08       1.990e-08       2.080e-08       7.720e-09       7.800e-09       8.320e-09       8.560e-09
88              3.300e-08       4.350e-08       2.580e-08       1.740e-08       1.980e-08       7.060e-09       6.940e-09       6.820e-09       6.960e-09
89              3.180e-08       4.340e-08       2.600e-08       1.780e-08       2.040e-08       7.120e-09       6.960e-09       7.050e-09       7.150e-09
90              3.370e-08       4.400e-08       2.600e-08       1.770e-08       2.100e-08       8.040e-09       7.860e-09       8.160e-09       8.240e-09
91              3.500e-08       4.450e-08       2.580e-08       1.890e-08       2.060e-08       8.230e-09       8.280e-09       8.540e-09       8.440e-09
92              3.310e-08       4.490e-08       2.740e-08       1.940e-08       2.200e-08       7.490e-09       7.200e-09       7.520e-09       7.530e-09
93              3.490e-08       4.520e-08       2.740e-08       1.890e-08       2.190e-08       7.480e-09       7.120e-09       7.570e-09       7.570e-09
94              3.600e-08       4.570e-08       2.760e-08       2.010e-08       2.230e-08       8.460e-09       8.110e-09       9.020e-09       8.860e-09
95              3.570e-08       4.680e-08       2.760e-08       2.040e-08       2.270e-08       8.380e-09       8.540e-09       8.980e-09       9.010e-09
96              3.430e-08       4.660e-08       2.900e-08       1.860e-08       2.110e-08       7.660e-09       7.090e-09       7.400e-09       7.480e-09
97              3.540e-08       4.680e-08       2.860e-08       1.880e-08       2.150e-08       7.760e-09       7.240e-09       7.700e-09       7.510e-09
98              3.750e-08       4.760e-08       2.950e-08       1.950e-08       2.180e-08       8.640e-09       8.780e-09       9.080e-09       9.110e-09
99              3.780e-08       4.770e-08       2.880e-08       2.150e-08       2.220e-08       8.860e-09       9.050e-09       9.170e-09       9.380e-09
100             3.680e-08       4.800e-08       2.920e-08       2.070e-08       2.460e-08       8.090e-09       7.780e-09       8.000e-09       8.010e-09
101             3.750e-08       4.840e-08       2.970e-08       2.010e-08       2.340e-08       8.190e-09       7.600e-09       8.340e-09       8.310e-09
102             3.810e-08       4.980e-08       3.010e-08       2.120e-08       2.360e-08       8.950e-09       9.060e-09       9.570e-09       1.020e-08
103             3.830e-08       4.800e-08       2.970e-08       2.180e-08       2.370e-08       9.050e-09       9.120e-09       1.060e-08       9.720e-09
104             3.390e-08       5.140e-08       3.080e-08       1.970e-08       2.270e-08       8.250e-09       8.060e-09       7.930e-09       8.060e-09
105             3.640e-08       5.030e-08       3.100e-08       2.060e-08       2.310e-08       8.290e-09       7.820e-09       8.300e-09       8.050e-09
106             4.090e-08       5.020e-08       3.050e-08       2.050e-08       2.270e-08       9.490e-09       9.370e-09       9.630e-09       9.700e-09
107             3.980e-08       5.070e-08       3.100e-08       2.110e-08       2.360e-08       9.590e-09       9.590e-09       1.060e-08       9.800e-09
108             3.630e-08       5.120e-08       3.170e-08       2.200e-08       2.500e-08       8.790e-09       8.470e-09       8.630e-09       8.670e-09
109             3.970e-08       5.180e-08       3.190e-08       2.140e-08       2.520e-08       8.780e-09       8.120e-09       8.870e-09       8.950e-09
110             4.030e-08       5.190e-08       3.170e-08       2.320e-08       2.510e-08       9.660e-09       9.770e-09       1.033e-08       1.030e-08
111             4.010e-08       5.180e-08       3.280e-08       2.270e-08       2.580e-08       9.860e-09       1.040e-08       1.020e-08       1.040e-08
112             4.090e-08       5.230e-08       3.240e-08       2.130e-08       2.470e-08       8.970e-09       8.660e-09       8.900e-09       8.690e-09
113             4.060e-08       5.310e-08       3.280e-08       2.130e-08       2.480e-08       8.910e-09       8.310e-09       8.810e-09       8.790e-09
114             4.130e-08       5.300e-08       3.390e-08       2.190e-08       2.510e-08       1.016e-08       1.050e-08       1.050e-08       1.010e-08
115             4.140e-08       5.350e-08       3.370e-08       2.240e-08       2.480e-08       1.040e-08       1.030e-08       1.010e-08       1.030e-08
116             4.100e-08       5.270e-08       3.470e-08       2.280e-08       2.650e-08       9.360e-09       9.010e-09       9.330e-09       9.240e-09
117             4.130e-08       5.280e-08       3.460e-08       2.270e-08       2.690e-08       9.430e-09       8.650e-09       9.500e-09       9.650e-09
118             4.310e-08       5.400e-08       3.440e-08       2.390e-08       2.680e-08       1.090e-08       1.010e-08       1.130e-08       1.120e-08
119             4.270e-08       5.610e-08       3.430e-08       2.520e-08       2.690e-08       1.020e-08       1.080e-08       1.080e-08       1.110e-08
120             4.280e-08       5.640e-08       3.530e-08       2.230e-08       2.610e-08       1.000e-08       9.220e-09       9.330e-09       9.200e-09
121             4.270e-08       5.570e-08       3.550e-08       2.250e-08       2.680e-08       9.590e-09       8.950e-09       9.350e-09       9.330e-09
122             4.400e-08       5.560e-08       3.550e-08       2.360e-08       2.650e-08       1.060e-08       1.060e-08       1.110e-08       1.110e-08
123             4.620e-08       5.630e-08       3.540e-08       2.410e-08       2.620e-08       1.120e-08       1.110e-08       1.100e-08       1.110e-08
124             4.350e-08       5.720e-08       3.640e-08       2.440e-08       2.820e-08       9.900e-09       9.550e-09       9.910e-09       1.000e-08
125             4.630e-08       5.780e-08       3.630e-08       2.400e-08       2.870e-08       1.000e-08       9.220e-09       1.011e-08       1.006e-08
126             4.570e-08       5.770e-08       3.720e-08       2.580e-08       2.830e-08       1.090e-08       1.090e-08       1.220e-08       1.200e-08
127             4.430e-08       5.810e-08       3.690e-08       2.550e-08       2.920e-08       1.110e-08       1.090e-08       1.150e-08       1.160e-08
128             4.360e-08       5.860e-08       3.800e-08       2.350e-08       2.760e-08       1.060e-08       9.610e-09       9.880e-09       9.770e-09
129             4.430e-08       5.920e-08       3.770e-08       2.480e-08       2.730e-08       1.020e-08       9.680e-09       1.000e-08       1.001e-08
130             4.840e-08       5.860e-08       3.770e-08       2.490e-08       2.800e-08       1.160e-08       1.130e-08       1.160e-08       1.190e-08
131             4.760e-08       5.820e-08       3.860e-08       2.470e-08       2.860e-08       1.150e-08       1.190e-08       1.250e-08       1.190e-08
132             4.540e-08       5.870e-08       3.870e-08       2.640e-08       2.970e-08       1.060e-08       1.040e-08       1.050e-08       1.020e-08
133             4.660e-08       6.100e-08       3.890e-08       2.540e-08       3.070e-08       1.050e-08       1.000e-08       1.090e-08       1.090e-08
134             4.920e-08       6.130e-08       3.940e-08       2.650e-08       2.980e-08       1.250e-08       1.210e-08       1.250e-08       1.230e-08
135             4.910e-08       6.090e-08       4.070e-08       2.640e-08       3.020e-08       1.200e-08       1.260e-08       1.290e-08       1.310e-08
136             4.600e-08       6.220e-08       3.980e-08       2.500e-08       2.860e-08       1.060e-08       1.110e-08       1.050e-08       1.070e-08
137             4.680e-08       6.310e-08       4.010e-08       2.510e-08       2.920e-08       1.080e-08       1.040e-08       1.030e-08       1.070e-08
138             5.100e-08       6.220e-08       3.970e-08       2.610e-08       2.980e-08       1.230e-08       1.180e-08       1.210e-08       1.250e-08
139             5.200e-08       6.190e-08       3.980e-08       2.640e-08       2.970e-08       1.210e-08       1.260e-08       1.310e-08       1.250e-08
140             4.960e-08       6.270e-08       4.100e-08       2.710e-08       3.100e-08       1.200e-08       1.120e-08       1.120e-08       1.100e-08
141             4.830e-08       6.440e-08       4.170e-08       2.700e-08       3.110e-08       1.110e-08       1.110e-08       1.110e-08       1.130e-08
142             5.100e-08       6.520e-08       4.210e-08       2.730e-08       3.150e-08       1.230e-08       1.220e-08       1.320e-08       1.320e-08
143             5.010e-08       6.500e-08       4.190e-08       2.750e-08       3.190e-08       1.240e-08       1.240e-08       1.370e-08       1.310e-08
144             4.950e-08       6.520e-08       4.190e-08       2.640e-08       3.010e-08       1.180e-08       1.110e-08       1.100e-08       1.080e-08
145             5.130e-08       6.510e-08       4.200e-08       2.690e-08       3.010e-08       1.140e-08       1.110e-08       1.070e-08       1.140e-08
146             5.240e-08       6.480e-08       4.260e-08       2.770e-08       3.070e-08       1.250e-08       1.300e-08       1.310e-08       1.350e-08
147             5.300e-08       6.610e-08       4.260e-08       2.840e-08       3.070e-08       1.270e-08       1.290e-08       1.350e-08       1.370e-08
148             4.970e-08       6.700e-08       4.300e-08       2.900e-08       3.290e-08       1.170e-08       1.160e-08       1.140e-08       1.220e-08
149             5.080e-08       6.720e-08       4.310e-08       2.900e-08       3.290e-08       1.180e-08       1.120e-08       1.160e-08       1.210e-08
150             5.350e-08       6.780e-08       4.350e-08       2.920e-08       3.310e-08       1.280e-08       1.290e-08       1.400e-08       1.440e-08
151             5.300e-08       6.670e-08       4.410e-08       2.940e-08       3.290e-08       1.330e-08       1.300e-08       1.430e-08       1.400e-08
152             5.140e-08       6.890e-08       4.510e-08       2.720e-08       3.200e-08       1.190e-08       1.230e-08       1.120e-08       1.150e-08
153             5.140e-08       6.950e-08       4.510e-08       2.720e-08       3.210e-08       1.200e-08       1.190e-08       1.140e-08       1.170e-08
154             5.510e-08       6.880e-08       4.520e-08       2.830e-08       3.280e-08       1.390e-08       1.340e-08       1.400e-08       1.370e-08
155             5.660e-08       6.850e-08       4.520e-08       2.900e-08       3.330e-08       1.340e-08       1.340e-08       1.390e-08       1.380e-08
156             5.510e-08       6.910e-08       4.630e-08       2.920e-08       3.520e-08       1.240e-08       1.180e-08       1.230e-08       1.210e-08
157             5.560e-08       7.010e-08       4.570e-08       2.960e-08       3.430e-08       1.250e-08       1.210e-08       1.230e-08       1.240e-08
158             5.550e-08       6.930e-08       4.610e-08       3.160e-08       3.420e-08       1.420e-08       1.370e-08       1.540e-08       1.440e-08
159             5.590e-08       7.000e-08       4.610e-08       3.070e-08       3.450e-08       1.440e-08       1.400e-08       1.450e-08       1.440e-08
160             5.320e-08       6.980e-08       4.760e-08       2.850e-08       3.450e-08       1.260e-08       1.140e-08       1.190e-08       1.220e-08
161             5.590e-08       7.290e-08       4.700e-08       2.850e-08       3.370e-08       1.270e-08       1.170e-08       1.210e-08       1.200e-08
162             5.900e-08       7.110e-08       4.700e-08       3.100e-08       3.370e-08       1.430e-08       1.400e-08       1.480e-08       1.470e-08
163             5.820e-08       7.140e-08       4.790e-08       3.010e-08       3.390e-08       1.450e-08       1.400e-08       1.450e-08       1.480e-08
164             5.740e-08       7.060e-08       4.860e-08       3.070e-08       3.660e-08       1.300e-08       1.230e-08       1.310e-08       1.280e-08
165             5.690e-08       7.150e-08       4.810e-08       3.140e-08       3.580e-08       1.340e-08       1.170e-08       1.270e-08       1.320e-08
166             5.800e-08       7.270e-08       4.900e-08       3.180e-08       3.640e-08       1.450e-08       1.510e-08       1.510e-08       1.510e-08
167             5.920e-08       7.250e-08       4.860e-08       3.190e-08       3.660e-08       1.450e-08       1.450e-08       1.520e-08       1.520e-08
168             5.940e-08       7.190e-08       4.910e-08       3.030e-08       3.520e-08       1.320e-08       1.260e-08       1.300e-08       1.230e-08
169             5.840e-08       7.310e-08       4.990e-08       3.040e-08       3.500e-08       1.380e-08       1.220e-08       1.250e-08       1.270e-08
170             6.080e-08       7.260e-08       4.940e-08       3.130e-08       3.600e-08       1.480e-08       1.500e-08       1.520e-08       1.510e-08
171             6.170e-08       7.410e-08       4.930e-08       3.200e-08       3.550e-08       1.490e-08       1.530e-08       1.520e-08       1.530e-08
172             5.990e-08       7.420e-08       5.090e-08       3.200e-08       3.780e-08       1.360e-08       1.310e-08       1.330e-08       1.310e-08
173             6.070e-08       7.390e-08       5.030e-08       3.250e-08       3.750e-08       1.360e-08       1.280e-08       1.410e-08       1.350e-08
174             6.190e-08       7.540e-08       5.130e-08       3.340e-08       3.820e-08       1.510e-08       1.500e-08       1.620e-08       1.600e-08
175             6.240e-08       7.560e-08       5.030e-08       3.360e-08       3.750e-08       1.520e-08       1.570e-08       1.580e-08       1.610e-08
176             6.080e-08       7.500e-08       5.200e-08       3.130e-08       3.710e-08       1.380e-08       1.330e-08       1.290e-08       1.290e-08
177             6.250e-08       7.520e-08       5.180e-08       3.110e-08       3.670e-08       1.380e-08       1.330e-08       1.330e-08       1.310e-08
178             6.330e-08       7.600e-08       5.260e-08       3.260e-08       3.770e-08       1.520e-08       1.500e-08       1.620e-08       1.570e-08
179             6.350e-08       7.540e-08       5.250e-08       3.330e-08       3.690e-08       1.600e-08       1.540e-08       1.610e-08       1.610e-08
180             6.200e-08       7.920e-08       5.260e-08       3.400e-08       3.850e-08       1.470e-08       1.330e-08       1.410e-08       1.470e-08
181             6.280e-08       7.590e-08       5.300e-08       3.370e-08       3.910e-08       1.460e-08       1.300e-08       1.410e-08       1.410e-08
182             6.430e-08       7.860e-08       5.300e-08       3.560e-08       3.880e-08       1.610e-08       1.630e-08       1.660e-08       1.710e-08
183             6.470e-08       7.860e-08       5.330e-08       3.550e-08       3.960e-08       1.610e-08       1.600e-08       1.700e-08       1.720e-08
184             6.350e-08       7.740e-08       5.430e-08       3.270e-08       3.860e-08       1.450e-08       1.340e-08       1.340e-08       1.380e-08
185             6.530e-08       7.990e-08       5.390e-08       3.320e-08       3.820e-08       1.440e-08       1.370e-08       1.360e-08       1.440e-08
186             6.610e-08       7.920e-08       5.370e-08       3.470e-08       3.860e-08       1.600e-08       1.580e-08       1.660e-08       1.740e-08
187             6.580e-08       7.960e-08       5.390e-08       3.460e-08       3.960e-08       1.600e-08       1.620e-08       1.710e-08       1.660e-08
188             6.540e-08       8.050e-08       5.510e-08       3.450e-08       4.090e-08       1.500e-08       1.430e-08       1.470e-08       1.450e-08
189             7.010e-08       7.940e-08       5.490e-08       3.540e-08       4.050e-08       1.480e-08       1.410e-08       1.500e-08       1.520e-08
190             6.680e-08       8.130e-08       5.490e-08       3.640e-08       4.060e-08       1.630e-08       1.680e-08       1.800e-08       1.720e-08
191             6.660e-08       8.110e-08       5.550e-08       3.670e-08       4.130e-08       1.690e-08       1.640e-08       1.740e-08       1.760e-08
192             6.600e-08       8.020e-08       5.620e-08       3.410e-08       4.010e-08       1.510e-08       1.370e-08       1.420e-08       1.450e-08
193             6.700e-08       8.060e-08       5.620e-08       3.400e-08       3.980e-08       1.540e-08       1.400e-08       1.480e-08       1.430e-08
194             6.820e-08       8.280e-08       5.640e-08       3.650e-08       4.050e-08       1.660e-08       1.700e-08       1.720e-08       1.700e-08
195             6.910e-08       8.270e-08       5.670e-08       3.710e-08       4.040e-08       1.690e-08       1.730e-08       1.780e-08       1.730e-08
196             6.750e-08       8.180e-08       5.710e-08       3.680e-08       4.180e-08       1.580e-08       1.490e-08       1.570e-08       1.510e-08
197             6.690e-08       8.170e-08       5.730e-08       3.670e-08       4.210e-08       1.540e-08       1.430e-08       1.550e-08       1.540e-08
198             6.920e-08       8.340e-08       5.780e-08       3.740e-08       4.260e-08       1.720e-08       1.720e-08       1.810e-08       1.810e-08
199             6.980e-08       8.310e-08       5.900e-08       3.810e-08       4.290e-08       1.720e-08       1.710e-08       1.890e-08       1.800e-08
200             6.950e-08       8.180e-08       5.880e-08       3.500e-08       4.130e-08       1.580e-08       1.470e-08       1.480e-08       1.550e-08
350             1.200e-07       1.320e-07       1.040e-07       6.500e-08       7.240e-08       3.030e-08       3.020e-08       3.170e-08       3.150e-08
500             1.710e-07       1.870e-07       1.450e-07       8.630e-08       1.060e-07       3.900e-08       3.590e-08       3.850e-08       3.800e-08
650             2.170e-07       2.380e-07       1.930e-07       1.170e-07       1.280e-07       5.630e-08       5.530e-08       5.710e-08       5.720e-08
800             2.700e-07       2.940e-07       2.390e-07       1.370e-07       1.540e-07       6.280e-08       5.640e-08       5.910e-08       5.910e-08
950             3.100e-07       3.420e-07       2.770e-07       1.740e-07       1.860e-07       8.160e-08       8.120e-08       8.360e-08       8.420e-08
1100            3.660e-07       3.990e-07       3.200e-07       1.800e-07       2.180e-07       8.660e-08       7.950e-08       8.280e-08       8.340e-08
1250            4.090e-07       4.430e-07       3.570e-07       2.280e-07       2.430e-07       1.060e-07       1.060e-07       1.060e-07       1.080e-07
1400            4.720e-07       4.900e-07       4.090e-07       2.290e-07       2.720e-07       1.150e-07       1.010e-07       1.040e-07       1.020e-07
1550            5.050e-07       5.440e-07       4.480e-07       2.750e-07       3.030e-07       1.300e-07       1.320e-07       1.350e-07       1.370e-07
1700            5.440e-07       6.010e-07       4.930e-07       2.760e-07       3.290e-07       1.320e-07       1.280e-07       1.280e-07       1.300e-07
1850            6.020e-07       6.480e-07       5.390e-07       3.350e-07       3.670e-07       1.580e-07       1.570e-07       1.600e-07       1.620e-07
2000            6.590e-07       6.980e-07       5.760e-07       3.330e-07       3.820e-07       1.600e-07       1.480e-07       1.480e-07       1.480e-07
2150            7.020e-07       7.540e-07       6.230e-07       3.960e-07       4.220e-07       1.850e-07       1.920e-07       2.070e-07       2.040e-07
2300            7.630e-07       8.000e-07       6.720e-07       3.790e-07       4.470e-07       2.470e-07       2.400e-07       2.390e-07       2.420e-07
2450            8.010e-07       8.660e-07       7.170e-07       4.520e-07       4.830e-07       2.550e-07       2.620e-07       2.560e-07       2.600e-07
2600            8.710e-07       9.180e-07       7.670e-07       4.460e-07       5.030e-07       2.780e-07       2.730e-07       2.690e-07       2.650e-07
2750            9.060e-07       9.900e-07       7.920e-07       4.970e-07       5.420e-07       2.880e-07       2.860e-07       2.960e-07       2.910e-07
2900            9.490e-07       1.013e-06       8.500e-07       4.810e-07       5.620e-07       3.070e-07       3.090e-07       3.050e-07       3.120e-07
3050            1.020e-06       1.060e-06       8.970e-07       5.540e-07       6.140e-07       3.270e-07       3.320e-07       3.310e-07       3.310e-07
3200            1.100e-06       1.100e-06       9.380e-07       5.330e-07       6.180e-07       3.330e-07       3.400e-07       3.330e-07       3.400e-07
3350            1.120e-06       1.140e-06       9.800e-07       6.120e-07       6.590e-07       3.630e-07       3.490e-07       3.680e-07       3.630e-07
3500            1.160e-06       1.180e-06       1.010e-06       5.800e-07       6.820e-07       3.660e-07       3.740e-07       3.730e-07       3.660e-07
3650            1.220e-06       1.310e-06       1.050e-06       6.610e-07       7.210e-07       3.960e-07       3.870e-07       4.030e-07       3.900e-07
3800            1.270e-06       1.300e-06       1.090e-06       6.280e-07       7.400e-07       3.960e-07       4.040e-07       4.000e-07       4.080e-07
3950            1.310e-06       1.360e-06       1.140e-06       7.260e-07       7.720e-07       4.190e-07       4.240e-07       4.270e-07       4.300e-07
4100            1.410e-06       1.380e-06       1.190e-06       6.960e-07       8.060e-07       4.330e-07       4.360e-07       4.390e-07       4.400e-07
4250            1.410e-06       1.440e-06       1.220e-06       7.750e-07       8.360e-07       4.520e-07       4.500e-07       4.650e-07       4.590e-07
4400            1.450e-06       1.460e-06       1.280e-06       7.260e-07       8.490e-07       4.790e-07       4.640e-07       4.720e-07       4.630e-07
4550            1.510e-06       1.590e-06       1.370e-06       8.290e-07       8.920e-07       4.770e-07       4.870e-07       4.880e-07       4.930e-07
4700            1.550e-06       1.580e-06       1.360e-06       7.790e-07       9.110e-07       5.030e-07       4.960e-07       5.100e-07       4.990e-07
4850            1.600e-06       1.730e-06       1.400e-06       8.850e-07       9.490e-07       5.180e-07       5.110e-07       5.380e-07       5.230e-07
5000            1.720e-06       1.670e-06       1.450e-06       8.320e-07       9.580e-07       5.250e-07       5.250e-07       5.350e-07       5.210e-07
5150            1.700e-06       1.790e-06       1.490e-06       9.340e-07       1.011e-06       5.510e-07       5.430e-07       5.670e-07       5.550e-07
5300            1.810e-06       1.800e-06       1.530e-06       8.760e-07       1.010e-06       5.670e-07       5.590e-07       5.710e-07       5.690e-07
5450            1.790e-06       1.860e-06       1.560e-06       9.870e-07       1.060e-06       5.820e-07       5.750e-07       5.870e-07       5.910e-07
5600            1.870e-06       1.890e-06       1.700e-06       9.240e-07       1.080e-06       5.940e-07       5.990e-07       5.970e-07       5.870e-07
5750            1.940e-06       2.010e-06       1.660e-06       1.020e-06       1.100e-06       6.190e-07       6.140e-07       6.220e-07       6.270e-07
5900            1.930e-06       2.020e-06       1.770e-06       1.005e-06       1.130e-06       6.290e-07       6.240e-07       6.340e-07       6.270e-07
6050            1.970e-06       2.070e-06       1.770e-06       1.090e-06       1.230e-06       6.380e-07       6.410e-07       6.660e-07       6.500e-07
6200            2.090e-06       2.100e-06       1.800e-06       1.020e-06       1.190e-06       6.680e-07       6.610e-07       6.570e-07       6.500e-07
6350            2.120e-06       2.180e-06       1.830e-06       1.160e-06       1.230e-06       6.740e-07       6.740e-07       6.860e-07       6.800e-07
6500            2.130e-06       2.240e-06       1.910e-06       1.060e-06       1.250e-06       6.980e-07       6.980e-07       6.900e-07       6.930e-07
6650            2.270e-06       2.280e-06       1.930e-06       1.220e-06       1.300e-06       7.100e-07       7.130e-07       7.260e-07       7.150e-07
6800            2.300e-06       2.270e-06       1.950e-06       1.160e-06       1.300e-06       7.220e-07       7.250e-07       7.180e-07       7.130e-07
6950            2.270e-06       2.370e-06       2.040e-06       1.280e-06       1.370e-06       7.360e-07       7.300e-07       7.570e-07       7.630e-07
7100            2.330e-06       2.490e-06       2.060e-06       1.160e-06       1.360e-06       7.580e-07       7.560e-07       7.600e-07       7.480e-07
7250            2.490e-06       2.510e-06       2.080e-06       1.330e-06       1.410e-06       7.650e-07       7.680e-07       7.830e-07       7.790e-07
7400            2.430e-06       2.430e-06       2.230e-06       1.210e-06       1.420e-06       7.940e-07       7.870e-07       7.860e-07       7.710e-07
7550            2.510e-06       2.600e-06       2.170e-06       1.390e-06       1.560e-06       7.980e-07       7.930e-07       8.250e-07       8.190e-07
7700            2.550e-06       2.630e-06       2.250e-06       1.330e-06       1.480e-06       8.270e-07       8.140e-07       8.230e-07       8.180e-07
7850            2.560e-06       2.660e-06       2.290e-06       1.390e-06       1.520e-06       8.390e-07       8.310e-07       8.540e-07       8.520e-07
8000            2.620e-06       2.690e-06       2.340e-06       1.310e-06       1.560e-06       8.530e-07       8.610e-07       8.470e-07       8.430e-07
8192            2.700e-06       2.790e-06       2.430e-06       1.390e-06       1.580e-06       8.660e-07       8.600e-07       8.700e-07       8.570e-07
16384           5.300e-06       5.560e-06       4.830e-06       2.700e-06       3.110e-06       1.730e-06       1.740e-06       1.710e-06       1.740e-06
32768           1.100e-05       1.090e-05       9.540e-06       5.500e-06       6.370e-06       3.540e-06       3.450e-06       3.570e-06       3.490e-06
65536           2.180e-05       2.300e-05       1.900e-05       1.100e-05       1.270e-05       8.590e-06       8.460e-06       8.280e-06       8.290e-06
131072          4.480e-05       4.560e-05       3.860e-05       2.290e-05       2.580e-05       1.650e-05       1.630e-05       1.700e-05       1.690e-05
262144          8.890e-05       9.160e-05       7.800e-05       4.420e-05       5.220e-05       3.310e-05       3.320e-05       3.370e-05       3.280e-05
524288          1.770e-04       1.910e-04       1.560e-04       9.080e-05       1.030e-04       6.850e-05       6.670e-05       6.660e-05       6.680e-05
1048576         3.690e-04       3.920e-04       3.300e-04       2.210e-04       2.620e-04       1.960e-04       1.930e-04       1.750e-04       1.850e-04
2097152         7.690e-04       7.970e-04       7.060e-04       5.560e-04       5.490e-04       5.130e-04       5.050e-04       4.560e-04       4.810e-04
4194304         1.790e-03       1.790e-03       1.500e-03       1.540e-03       1.410e-03       1.290e-03       1.310e-03       1.290e-03       1.350e-03


***************************
*  VERSION EXPLICIT AVX2  *
***************************


╰─ ./profile_sec2_new 25 1
function: dot product
unit: all measurements in seconds
profiled: seq no-vec | seq auto-vec | seq loop-unrolled | split | karatsuba | avx2 | avx2 loop-unrolled | avx512 | avx512 loop-unrolled
bitsize: 25

len/func        s-novec         s-vec           s-unr           split           kara            avx2            avx2u   avx512          avx512u
1               1.280e-09       1.810e-09       1.990e-09       3.960e-09       2.970e-09       2.100e-09       2.300e-09       2.080e-09       2.660e-09
51              1.770e-08       2.350e-08       1.460e-08       1.400e-08       1.300e-08       6.390e-09       4.800e-09       6.850e-09       4.990e-09
101             3.680e-08       4.870e-08       2.920e-08       2.060e-08       2.380e-08       1.130e-08       7.600e-09       8.200e-09       8.330e-09
151             5.430e-08       6.690e-08       4.400e-08       3.140e-08       3.340e-08       1.680e-08       1.300e-08       1.370e-08       1.430e-08
201             7.040e-08       8.340e-08       5.950e-08       3.830e-08       4.200e-08       2.170e-08       1.480e-08       1.540e-08       1.570e-08
351             1.230e-07       1.420e-07       1.050e-07       7.190e-08       7.310e-08       4.280e-08       3.020e-08       3.210e-08       3.180e-08
501             1.750e-07       1.900e-07       1.500e-07       9.250e-08       1.016e-07       5.400e-08       3.590e-08       4.230e-08       3.760e-08
651             2.160e-07       2.410e-07       1.990e-07       1.270e-07       1.290e-07       6.460e-08       5.610e-08       5.960e-08       5.760e-08
801             2.770e-07       2.870e-07       2.360e-07       1.410e-07       1.650e-07       7.380e-08       5.810e-08       6.160e-08       6.000e-08
951             3.240e-07       3.410e-07       2.780e-07       1.810e-07       1.940e-07       9.080e-08       8.110e-08       8.450e-08       8.410e-08
1101            3.650e-07       3.860e-07       3.240e-07       1.920e-07       2.150e-07       9.860e-08       7.890e-08       8.330e-08       8.230e-08
1251            4.100e-07       4.480e-07       3.690e-07       2.340e-07       2.490e-07       1.160e-07       1.060e-07       1.110e-07       1.120e-07
1401            4.510e-07       4.990e-07       4.110e-07       2.430e-07       2.810e-07       1.230e-07       1.002e-07       1.050e-07       1.030e-07
1551            5.060e-07       5.380e-07       4.550e-07       2.820e-07       3.030e-07       1.470e-07       1.310e-07       1.340e-07       1.340e-07
1701            5.580e-07       6.010e-07       4.940e-07       2.940e-07       3.360e-07       1.460e-07       1.200e-07       1.270e-07       1.280e-07
1851            6.020e-07       6.490e-07       5.360e-07       3.350e-07       3.720e-07       1.660e-07       1.590e-07       1.660e-07       1.680e-07
2001            6.510e-07       6.840e-07       5.790e-07       3.440e-07       3.950e-07       1.700e-07       1.420e-07       1.520e-07       1.490e-07
2151            7.100e-07       7.520e-07       6.290e-07       3.970e-07       4.310e-07       2.020e-07       1.900e-07       2.080e-07       2.060e-07
2301            7.580e-07       8.050e-07       6.840e-07       4.030e-07       4.570e-07       2.450e-07       2.400e-07       2.400e-07       2.370e-07
2451            8.040e-07       8.670e-07       7.210e-07       4.550e-07       4.860e-07       2.590e-07       2.580e-07       2.580e-07       2.640e-07
2601            8.650e-07       9.080e-07       7.740e-07       4.560e-07       5.200e-07       2.760e-07       2.730e-07       2.800e-07       2.750e-07
2751            9.040e-07       9.620e-07       8.100e-07       5.040e-07       5.510e-07       2.920e-07       2.960e-07       2.970e-07       2.900e-07
2901            9.480e-07       1.010e-06       8.480e-07       5.110e-07       5.700e-07       3.050e-07       3.020e-07       3.080e-07       3.000e-07
3051            1.020e-06       1.030e-06       8.950e-07       5.660e-07       6.000e-07       3.270e-07       3.240e-07       3.320e-07       3.240e-07
3201            1.070e-06       1.110e-06       9.420e-07       5.660e-07       6.300e-07       3.380e-07       3.380e-07       3.450e-07       3.410e-07
3351            1.120e-06       1.120e-06       1.010e-06       6.170e-07       6.650e-07       3.560e-07       3.600e-07       3.650e-07       3.560e-07
3501            1.210e-06       1.200e-06       1.020e-06       6.090e-07       6.880e-07       3.750e-07       3.700e-07       3.690e-07       3.660e-07
3651            1.230e-06       1.260e-06       1.060e-06       6.780e-07       7.240e-07       3.870e-07       3.920e-07       3.960e-07       3.930e-07
3801            1.280e-06       1.250e-06       1.110e-06       6.650e-07       7.510e-07       4.000e-07       3.980e-07       4.140e-07       4.050e-07
3951            1.310e-06       1.380e-06       1.150e-06       7.270e-07       7.740e-07       4.280e-07       4.150e-07       4.370e-07       4.260e-07
4101            1.370e-06       1.470e-06       1.200e-06       7.120e-07       8.060e-07       4.360e-07       4.290e-07       4.410e-07       4.310e-07
4251            1.460e-06       1.490e-06       1.280e-06       7.790e-07       8.390e-07       4.550e-07       4.510e-07       4.590e-07       4.590e-07
4401            1.450e-06       1.470e-06       1.280e-06       7.740e-07       8.610e-07       4.660e-07       4.670e-07       4.750e-07       4.700e-07
4551            1.500e-06       1.550e-06       1.370e-06       8.250e-07       9.050e-07       4.900e-07       4.820e-07       4.930e-07       4.920e-07
4701            1.560e-06       1.570e-06       1.360e-06       8.240e-07       9.220e-07       5.010e-07       4.920e-07       5.010e-07       4.900e-07
4851            1.590e-06       1.730e-06       1.410e-06       8.850e-07       9.580e-07       5.140e-07       5.200e-07       5.290e-07       5.240e-07
5001            1.650e-06       1.750e-06       1.490e-06       8.680e-07       9.850e-07       5.310e-07       5.360e-07       5.410e-07       5.340e-07
5151            1.710e-06       1.830e-06       1.500e-06       9.380e-07       1.020e-06       5.500e-07       5.470e-07       5.630e-07       5.540e-07
5301            1.750e-06       1.820e-06       1.540e-06       9.200e-07       1.020e-06       5.690e-07       5.600e-07       5.700e-07       5.560e-07
5451            1.790e-06       1.830e-06       1.580e-06       1.010e-06       1.060e-06       5.850e-07       5.800e-07       5.910e-07       5.910e-07
5601            1.890e-06       1.890e-06       1.650e-06       1.000e-06       1.130e-06       5.940e-07       6.000e-07       6.020e-07       5.960e-07
5751            1.930e-06       1.980e-06       1.700e-06       1.040e-06       1.110e-06       6.150e-07       6.160e-07       6.220e-07       6.260e-07
5901            1.930e-06       1.940e-06       1.790e-06       1.010e-06       1.140e-06       6.320e-07       6.240e-07       6.300e-07       6.290e-07
6051            1.970e-06       2.090e-06       1.800e-06       1.080e-06       1.240e-06       6.400e-07       6.480e-07       6.610e-07       6.470e-07
6201            2.080e-06       2.100e-06       1.860e-06       1.060e-06       1.200e-06       6.680e-07       6.620e-07       6.670e-07       6.580e-07
6351            2.140e-06       2.210e-06       1.830e-06       1.140e-06       1.260e-06       6.800e-07       6.780e-07       6.910e-07       6.830e-07
6501            2.160e-06       2.200e-06       1.930e-06       1.120e-06       1.250e-06       6.960e-07       6.930e-07       6.950e-07       6.770e-07
6651            2.250e-06       2.260e-06       1.980e-06       1.160e-06       1.290e-06       7.120e-07       7.070e-07       7.260e-07       7.130e-07
6801            2.240e-06       2.310e-06       2.020e-06       1.160e-06       1.330e-06       7.220e-07       7.280e-07       7.320e-07       7.300e-07
6951            2.270e-06       2.380e-06       2.070e-06       1.340e-06       1.360e-06       7.420e-07       7.300e-07       7.550e-07       7.490e-07
7101            2.330e-06       2.460e-06       2.100e-06       1.210e-06       1.370e-06       7.720e-07       7.550e-07       7.550e-07       7.450e-07
7251            2.380e-06       2.530e-06       2.090e-06       1.300e-06       1.480e-06       7.660e-07       7.700e-07       7.870e-07       7.800e-07
7401            2.460e-06       2.510e-06       2.190e-06       1.260e-06       1.430e-06       7.970e-07       7.880e-07       7.910e-07       7.840e-07
7551            2.480e-06       2.550e-06       2.220e-06       1.410e-06       1.470e-06       8.050e-07       7.960e-07       8.190e-07       8.120e-07
7701            2.620e-06       2.610e-06       2.290e-06       1.310e-06       1.500e-06       8.230e-07       8.260e-07       8.220e-07       8.110e-07
7851            2.580e-06       2.750e-06       2.340e-06       1.400e-06       1.520e-06       8.360e-07       8.310e-07       8.510e-07       8.420e-07
8192            2.700e-06       2.810e-06       2.380e-06       1.380e-06       1.610e-06       8.690e-07       8.720e-07       8.810e-07       8.770e-07
16384           5.450e-06       5.490e-06       4.820e-06       2.760e-06       3.260e-06       1.780e-06       1.750e-06       1.730e-06       1.710e-06
32768           1.100e-05       1.170e-05       9.480e-06       5.520e-06       6.430e-06       3.410e-06       3.480e-06       3.470e-06       3.410e-06
65536           2.280e-05       2.230e-05       1.940e-05       1.150e-05       1.260e-05       8.460e-06       8.410e-06       8.390e-06       8.310e-06
131072          4.590e-05       4.530e-05       3.970e-05       2.260e-05       2.620e-05       1.660e-05       1.730e-05       1.720e-05       1.660e-05
262144          8.900e-05       9.090e-05       7.830e-05       4.550e-05       5.280e-05       3.310e-05       3.420e-05       3.310e-05       3.340e-05
524288          1.840e-04       1.820e-04       1.540e-04       9.280e-05       1.030e-04       7.030e-05       6.830e-05       6.710e-05       6.750e-05
1048576         3.790e-04       3.790e-04       3.270e-04       2.630e-04       2.400e-04       2.020e-04       1.930e-04       1.990e-04       1.780e-04
2097152         7.850e-04       7.940e-04       6.960e-04       5.880e-04       5.750e-04       5.000e-04       5.010e-04       4.800e-04       4.590e-04
4194304         1.850e-03       1.980e-03       1.580e-03       1.600e-03       1.650e-03       1.370e-03       1.390e-03       1.340e-03       1.340e-03

