function: (64-bit) modular dot product
unit: all measurements in seconds
profiled: seq no-vec | seq auto-vec | seq loop-unrolled | flint | seq split | seq karatsuba | avx2 | avx2 split | avx2 karatsuba | avx512 split | avx512 karatsuba
bitsize: 60

len/func	s-novec		s-vec		s-unr		flint		split		kara		avx2		split avx2	kara avx2	split avx512	kara avx512
10		1.160e-08	1.140e-08	9.440e-09	8.840e-09	9.900e-09	1.040e-08	1.470e-08	9.690e-09	1.020e-08	1.050e-08	1.050e-08
35		2.360e-08	2.330e-08	2.120e-08	2.240e-08	1.460e-08	1.540e-08	3.580e-08	1.510e-08	1.600e-08	1.420e-08	1.490e-08
60		3.740e-08	3.740e-08	3.490e-08	3.130e-08	1.620e-08	1.790e-08	5.360e-08	1.890e-08	2.120e-08	1.670e-08	1.770e-08
85		5.540e-08	5.500e-08	4.580e-08	4.060e-08	2.320e-08	2.480e-08	7.080e-08	2.410e-08	2.760e-08	2.340e-08	2.520e-08
110		6.680e-08	6.600e-08	5.640e-08	5.050e-08	2.750e-08	3.010e-08	8.910e-08	3.010e-08	3.510e-08	2.860e-08	3.110e-08
135		7.810e-08	7.730e-08	6.730e-08	6.020e-08	3.070e-08	3.430e-08	1.050e-07	3.500e-08	4.190e-08	3.220e-08	3.400e-08
160		9.090e-08	9.100e-08	8.020e-08	7.020e-08	3.250e-08	3.770e-08	1.240e-07	3.740e-08	4.510e-08	3.250e-08	3.750e-08
185		1.040e-07	1.030e-07	9.070e-08	7.960e-08	3.630e-08	4.310e-08	1.420e-07	4.170e-08	5.120e-08	3.610e-08	4.280e-08
210		1.130e-07	1.090e-07	1.010e-07	8.950e-08	4.380e-08	4.870e-08	1.570e-07	4.820e-08	5.720e-08	4.420e-08	4.860e-08
360		1.960e-07	1.930e-07	1.700e-07	1.460e-07	6.720e-08	7.740e-08	2.630e-07	7.310e-08	9.340e-08	6.650e-08	7.740e-08
510		2.700e-07	2.690e-07	2.360e-07	2.070e-07	9.800e-08	1.090e-07	3.630e-07	1.020e-07	1.290e-07	1.010e-07	1.080e-07
660		3.460e-07	3.460e-07	3.080e-07	2.830e-07	1.180e-07	1.370e-07	4.750e-07	1.230e-07	1.630e-07	1.160e-07	1.380e-07
810		3.940e-07	3.910e-07	3.780e-07	3.450e-07	1.540e-07	1.720e-07	5.710e-07	1.580e-07	2.030e-07	1.550e-07	1.690e-07
960		5.040e-07	4.990e-07	4.410e-07	4.090e-07	1.660e-07	1.930e-07	6.830e-07	1.770e-07	2.350e-07	1.640e-07	1.930e-07
1110		5.540e-07	5.540e-07	5.080e-07	4.690e-07	2.110e-07	2.250e-07	7.860e-07	2.130e-07	2.690e-07	2.090e-07	2.310e-07
1260		6.510e-07	6.500e-07	5.770e-07	5.350e-07	2.200e-07	2.530e-07	8.900e-07	2.280e-07	3.010e-07	2.170e-07	2.520e-07
1410		6.800e-07	6.840e-07	6.380e-07	5.970e-07	2.620e-07	2.860e-07	1.050e-06	2.660e-07	3.380e-07	2.670e-07	2.880e-07
1560		8.060e-07	8.100e-07	7.060e-07	6.530e-07	2.670e-07	3.170e-07	1.090e-06	2.800e-07	3.760e-07	2.610e-07	3.110e-07
1710		8.570e-07	8.540e-07	7.800e-07	7.260e-07	3.170e-07	3.480e-07	1.200e-06	3.220e-07	4.130e-07	3.190e-07	3.510e-07
1860		9.610e-07	9.580e-07	8.460e-07	7.830e-07	3.220e-07	3.710e-07	1.300e-06	3.380e-07	4.410e-07	3.100e-07	3.750e-07
2010		1.020e-06	1.010e-06	9.230e-07	8.480e-07	3.760e-07	4.140e-07	1.420e-06	3.870e-07	4.900e-07	3.780e-07	4.190e-07
2160		1.130e-06	1.120e-06	9.990e-07	9.140e-07	3.730e-07	4.330e-07	1.510e-06	4.000e-07	5.200e-07	3.680e-07	4.350e-07
2310		1.200e-06	1.200e-06	1.120e-06	9.830e-07	4.390e-07	4.780e-07	1.630e-06	4.550e-07	5.690e-07	4.440e-07	4.780e-07
2460		1.270e-06	1.270e-06	1.140e-06	1.060e-06	4.240e-07	5.000e-07	1.740e-06	4.520e-07	6.020e-07	4.210e-07	5.050e-07
2610		1.280e-06	1.280e-06	1.190e-06	1.120e-06	4.980e-07	5.470e-07	1.840e-06	5.040e-07	6.400e-07	5.010e-07	5.480e-07
2760		1.440e-06	1.440e-06	1.270e-06	1.170e-06	4.750e-07	5.590e-07	1.940e-06	5.090e-07	6.690e-07	4.660e-07	5.610e-07
2910		1.460e-06	1.470e-06	1.340e-06	1.230e-06	5.550e-07	6.000e-07	2.060e-06	5.590e-07	7.120e-07	5.580e-07	6.010e-07
3060		1.580e-06	1.570e-06	1.410e-06	1.280e-06	5.290e-07	6.150e-07	2.190e-06	5.550e-07	7.460e-07	5.240e-07	6.190e-07
3210		1.610e-06	1.570e-06	1.480e-06	1.350e-06	6.110e-07	6.580e-07	2.280e-06	6.150e-07	7.850e-07	6.120e-07	6.620e-07
3360		1.740e-06	1.750e-06	1.550e-06	1.410e-06	5.800e-07	6.800e-07	2.360e-06	6.170e-07	8.130e-07	5.670e-07	6.820e-07
3510		1.760e-06	1.750e-06	1.630e-06	1.470e-06	6.640e-07	7.170e-07	2.520e-06	6.730e-07	8.560e-07	6.730e-07	7.230e-07
3660		1.890e-06	1.880e-06	1.690e-06	1.550e-06	6.230e-07	7.420e-07	2.570e-06	6.710e-07	8.870e-07	6.230e-07	7.390e-07
3810		1.840e-06	1.840e-06	1.750e-06	1.600e-06	7.230e-07	7.850e-07	2.680e-06	7.330e-07	9.270e-07	7.220e-07	7.840e-07
3960		2.050e-06	2.040e-06	1.850e-06	1.660e-06	6.730e-07	7.970e-07	2.820e-06	7.180e-07	9.580e-07	6.640e-07	8.010e-07
4110		2.050e-06	2.090e-06	1.890e-06	1.730e-06	7.710e-07	8.400e-07	2.900e-06	7.860e-07	9.960e-07	7.740e-07	8.380e-07
4260		2.190e-06	2.200e-06	1.970e-06	1.790e-06	7.320e-07	8.570e-07	2.990e-06	7.760e-07	1.020e-06	7.270e-07	8.590e-07
4410		2.150e-06	2.150e-06	2.030e-06	1.860e-06	8.310e-07	9.020e-07	3.130e-06	8.400e-07	1.070e-06	8.340e-07	9.060e-07
4560		2.350e-06	2.350e-06	2.120e-06	1.910e-06	7.880e-07	9.160e-07	3.170e-06	8.250e-07	1.090e-06	7.650e-07	9.160e-07
4710		2.350e-06	2.360e-06	2.180e-06	1.960e-06	8.830e-07	9.580e-07	3.290e-06	8.960e-07	1.130e-06	8.850e-07	9.610e-07
4860		2.560e-06	2.490e-06	2.220e-06	2.020e-06	8.210e-07	9.690e-07	3.410e-06	8.800e-07	1.160e-06	8.190e-07	9.750e-07
5010		2.420e-06	2.420e-06	2.300e-06	2.090e-06	9.420e-07	1.020e-06	3.530e-06	9.520e-07	1.210e-06	9.410e-07	1.020e-06
5160		2.650e-06	2.660e-06	2.380e-06	2.130e-06	8.780e-07	1.030e-06	3.590e-06	9.280e-07	1.260e-06	8.620e-07	1.040e-06
5310		2.660e-06	2.650e-06	2.470e-06	2.230e-06	9.950e-07	1.070e-06	3.690e-06	1.030e-06	1.280e-06	9.980e-07	1.080e-06
5460		2.800e-06	2.820e-06	2.500e-06	2.260e-06	9.350e-07	1.090e-06	3.850e-06	9.860e-07	1.300e-06	9.190e-07	1.100e-06
5610		2.700e-06	2.740e-06	2.560e-06	2.340e-06	1.040e-06	1.170e-06	3.970e-06	1.050e-06	1.340e-06	1.040e-06	1.170e-06
5760		2.980e-06	2.960e-06	2.630e-06	2.400e-06	9.830e-07	1.150e-06	4.030e-06	1.030e-06	1.400e-06	9.660e-07	1.170e-06
5910		2.980e-06	2.980e-06	2.730e-06	2.460e-06	1.100e-06	1.190e-06	4.180e-06	1.120e-06	1.430e-06	1.110e-06	1.190e-06
6060		3.150e-06	3.100e-06	2.760e-06	2.540e-06	1.050e-06	1.210e-06	4.200e-06	1.080e-06	1.470e-06	1.020e-06	1.210e-06
6210		2.990e-06	2.990e-06	2.860e-06	2.560e-06	1.150e-06	1.260e-06	4.370e-06	1.230e-06	1.480e-06	1.160e-06	1.250e-06
6360		3.290e-06	3.270e-06	2.890e-06	2.670e-06	1.070e-06	1.260e-06	4.410e-06	1.130e-06	1.510e-06	1.050e-06	1.270e-06
6510		3.270e-06	3.340e-06	2.970e-06	2.680e-06	1.200e-06	1.300e-06	4.520e-06	1.220e-06	1.550e-06	1.240e-06	1.360e-06
6660		3.420e-06	3.410e-06	3.030e-06	2.740e-06	1.110e-06	1.320e-06	4.760e-06	1.190e-06	1.590e-06	1.110e-06	1.320e-06
6810		3.280e-06	3.270e-06	3.120e-06	2.850e-06	1.260e-06	1.380e-06	4.730e-06	1.270e-06	1.620e-06	1.260e-06	1.370e-06
6960		3.620e-06	3.570e-06	3.160e-06	2.860e-06	1.160e-06	1.380e-06	4.900e-06	1.270e-06	1.650e-06	1.150e-06	1.380e-06
7110		3.540e-06	3.580e-06	3.230e-06	2.990e-06	1.330e-06	1.420e-06	4.940e-06	1.330e-06	1.690e-06	1.330e-06	1.430e-06
7260		3.740e-06	3.720e-06	3.300e-06	2.990e-06	1.210e-06	1.430e-06	5.070e-06	1.350e-06	1.750e-06	1.210e-06	1.440e-06
7410		3.580e-06	3.620e-06	3.360e-06	3.130e-06	1.380e-06	1.500e-06	5.150e-06	1.380e-06	1.760e-06	1.370e-06	1.490e-06
7560		3.960e-06	3.880e-06	3.440e-06	3.110e-06	1.260e-06	1.490e-06	5.340e-06	1.360e-06	1.800e-06	1.260e-06	1.510e-06
7710		3.850e-06	3.880e-06	3.590e-06	3.200e-06	1.430e-06	1.560e-06	5.380e-06	1.440e-06	1.840e-06	1.440e-06	1.610e-06
7860		4.070e-06	4.030e-06	3.590e-06	3.240e-06	1.340e-06	1.630e-06	5.480e-06	1.410e-06	1.880e-06	1.310e-06	1.560e-06
8192		4.210e-06	4.290e-06	3.740e-06	3.380e-06	1.370e-06	1.620e-06	5.790e-06	1.470e-06	1.950e-06	1.360e-06	1.640e-06
16384		7.690e-06	8.480e-06	7.450e-06	6.780e-06	2.760e-06	3.250e-06	1.150e-05	2.890e-06	3.890e-06	2.760e-06	3.280e-06
32768		1.680e-05	1.680e-05	1.490e-05	1.340e-05	5.600e-06	6.640e-06	2.280e-05	5.850e-06	7.930e-06	5.460e-06	6.490e-06
65536		3.370e-05	3.450e-05	3.020e-05	2.710e-05	1.150e-05	1.320e-05	4.600e-05	1.220e-05	1.660e-05	1.140e-05	1.370e-05
131072		6.800e-05	6.720e-05	6.110e-05	5.470e-05	2.300e-05	2.670e-05	9.360e-05	2.400e-05	3.180e-05	2.240e-05	2.680e-05
262144		1.430e-04	1.370e-04	1.200e-04	1.100e-04	4.630e-05	5.320e-05	1.860e-04	4.930e-05	6.380e-05	4.470e-05	5.520e-05
524288		2.780e-04	2.680e-04	2.420e-04	2.190e-04	9.470e-05	1.070e-04	3.710e-04	9.670e-05	1.380e-04	9.040e-05	1.080e-04
1048576		5.440e-04	5.550e-04	4.890e-04	4.460e-04	2.230e-04	2.820e-04	7.450e-04	2.380e-04	2.770e-04	2.260e-04	2.830e-04
2097152		1.180e-03	1.090e-03	1.010e-03	9.170e-04	5.900e-04	5.630e-04	1.500e-03	5.840e-04	6.700e-04	5.520e-04	5.720e-04
4194304		2.720e-03	2.540e-03	2.100e-03	1.880e-03	1.490e-03	1.500e-03	3.640e-03	1.560e-03	1.460e-03	1.480e-03	1.500e-03
