function: (64-bit) modular dot product
unit: all measurements in seconds
profiled: seq no-vec | seq auto-vec | seq loop-unrolled | flint | seq split | seq karatsuba | avx2 | avx2 split | avx2 karatsuba | avx512 split | avx512 karatsuba
bitsize: 60

len/func	s-novec		s-vec		s-unr		flint		split		kara		avx2		split avx2	kara avx2	split avx512	kara avx512
10		1.600e-08	1.600e-08	1.430e-08	1.250e-08	1.780e-08	1.840e-08	2.580e-08	1.540e-08	1.630e-08	1.790e-08	1.780e-08
35		3.450e-08	3.470e-08	2.890e-08	2.900e-08	3.220e-08	3.280e-08	5.660e-08	2.700e-08	2.930e-08	2.690e-08	2.750e-08
60		5.310e-08	5.310e-08	4.570e-08	4.180e-08	4.460e-08	4.390e-08	8.830e-08	3.010e-08	3.340e-08	3.250e-08	3.430e-08
85		7.200e-08	7.210e-08	5.970e-08	5.550e-08	5.710e-08	5.690e-08	1.180e-07	3.800e-08	4.310e-08	3.790e-08	4.100e-08
110		9.100e-08	9.110e-08	7.370e-08	6.870e-08	7.060e-08	7.190e-08	1.500e-07	4.700e-08	5.370e-08	4.830e-08	5.120e-08
135		1.100e-07	1.100e-07	8.750e-08	8.270e-08	8.470e-08	8.610e-08	1.800e-07	5.920e-08	6.660e-08	5.840e-08	6.000e-08
160		1.370e-07	1.380e-07	1.040e-07	9.590e-08	9.570e-08	9.600e-08	2.110e-07	6.110e-08	7.140e-08	4.860e-08	5.450e-08
185		1.560e-07	1.560e-07	1.170e-07	1.100e-07	1.080e-07	1.100e-07	2.410e-07	6.910e-08	7.970e-08	5.540e-08	6.120e-08
210		1.730e-07	1.750e-07	1.320e-07	1.230e-07	1.220e-07	1.250e-07	2.740e-07	7.820e-08	9.020e-08	7.090e-08	7.620e-08
360		2.900e-07	2.920e-07	2.210e-07	2.060e-07	2.000e-07	2.030e-07	4.590e-07	1.260e-07	1.450e-07	9.720e-08	1.110e-07
510		4.020e-07	4.040e-07	3.060e-07	2.870e-07	2.780e-07	2.850e-07	6.430e-07	1.720e-07	2.020e-07	1.670e-07	1.750e-07
660		5.170e-07	5.190e-07	3.960e-07	3.260e-07	3.540e-07	3.590e-07	8.240e-07	2.200e-07	2.560e-07	2.100e-07	2.210e-07
810		6.310e-07	6.320e-07	4.810e-07	3.960e-07	4.330e-07	4.420e-07	1.020e-06	2.690e-07	3.140e-07	2.550e-07	2.660e-07
960		7.460e-07	7.460e-07	5.680e-07	4.660e-07	5.050e-07	5.130e-07	1.190e-06	3.120e-07	3.640e-07	2.320e-07	2.680e-07
1110		8.600e-07	8.610e-07	6.540e-07	5.360e-07	5.890e-07	6.040e-07	1.390e-06	3.640e-07	4.260e-07	3.480e-07	3.610e-07
1260		9.750e-07	9.760e-07	7.430e-07	6.120e-07	6.590e-07	6.700e-07	1.550e-06	4.060e-07	4.730e-07	3.900e-07	4.080e-07
1410		1.080e-06	1.090e-06	8.280e-07	6.770e-07	7.430e-07	7.590e-07	1.760e-06	4.570e-07	5.340e-07	4.320e-07	4.530e-07
1560		1.210e-06	1.200e-06	9.160e-07	7.470e-07	8.140e-07	8.260e-07	1.930e-06	4.990e-07	5.830e-07	3.690e-07	4.280e-07
1710		1.320e-06	1.320e-06	1.000e-06	8.170e-07	9.000e-07	9.220e-07	2.130e-06	5.530e-07	6.470e-07	5.280e-07	5.500e-07
1860		1.430e-06	1.430e-06	1.090e-06	8.910e-07	9.670e-07	9.830e-07	2.290e-06	5.950e-07	6.930e-07	5.830e-07	6.030e-07
2010		1.540e-06	1.540e-06	1.180e-06	9.580e-07	1.050e-06	1.070e-06	2.500e-06	6.450e-07	7.560e-07	6.130e-07	6.400e-07
2160		1.660e-06	1.660e-06	1.260e-06	1.030e-06	1.120e-06	1.140e-06	2.660e-06	6.870e-07	8.030e-07	5.050e-07	5.870e-07
2310		1.780e-06	1.780e-06	1.350e-06	1.100e-06	1.210e-06	1.240e-06	2.870e-06	7.410e-07	8.690e-07	7.090e-07	7.400e-07
2460		1.890e-06	1.890e-06	1.440e-06	1.170e-06	1.280e-06	1.300e-06	3.030e-06	7.800e-07	9.120e-07	7.520e-07	7.840e-07
2610		2.000e-06	2.000e-06	1.520e-06	1.240e-06	1.360e-06	1.390e-06	3.250e-06	8.330e-07	9.760e-07	7.940e-07	8.270e-07
2760		2.120e-06	2.120e-06	1.610e-06	1.310e-06	1.420e-06	1.450e-06	3.400e-06	8.740e-07	1.020e-06	6.420e-07	7.470e-07
2910		2.230e-06	2.230e-06	1.700e-06	1.380e-06	1.520e-06	1.560e-06	3.610e-06	9.320e-07	1.090e-06	9.080e-07	9.480e-07
3060		2.350e-06	2.350e-06	1.790e-06	1.460e-06	1.580e-06	1.610e-06	3.760e-06	9.680e-07	1.130e-06	9.800e-07	1.020e-06
3210		2.460e-06	2.460e-06	1.870e-06	1.530e-06	1.670e-06	1.710e-06	4.000e-06	1.030e-06	1.210e-06	1.480e-06	1.510e-06
3360		2.570e-06	2.560e-06	1.960e-06	1.590e-06	1.740e-06	1.770e-06	4.140e-06	1.070e-06	1.240e-06	1.300e-06	1.330e-06
3510		2.680e-06	2.680e-06	2.040e-06	1.670e-06	1.840e-06	1.880e-06	4.360e-06	1.140e-06	1.310e-06	1.820e-06	1.840e-06
3660		2.800e-06	2.790e-06	2.130e-06	1.740e-06	1.890e-06	1.920e-06	4.510e-06	1.170e-06	1.350e-06	1.900e-06	1.920e-06
3810		2.910e-06	2.910e-06	2.220e-06	1.800e-06	1.990e-06	2.040e-06	4.750e-06	1.230e-06	1.420e-06	1.960e-06	1.990e-06
3960		3.020e-06	3.020e-06	2.300e-06	1.870e-06	2.050e-06	2.080e-06	4.870e-06	1.260e-06	1.470e-06	1.530e-06	1.580e-06
4110		3.320e-06	3.310e-06	2.520e-06	2.070e-06	2.220e-06	2.240e-06	5.100e-06	1.400e-06	1.620e-06	2.170e-06	2.210e-06
4260		3.260e-06	3.250e-06	2.480e-06	2.020e-06	2.200e-06	2.240e-06	5.240e-06	1.360e-06	1.570e-06	2.200e-06	2.230e-06
4410		3.360e-06	3.360e-06	2.560e-06	2.090e-06	2.300e-06	2.350e-06	5.490e-06	1.420e-06	1.650e-06	2.270e-06	2.310e-06
4560		3.480e-06	3.470e-06	2.650e-06	2.150e-06	2.350e-06	2.400e-06	5.600e-06	1.440e-06	1.690e-06	1.760e-06	1.820e-06
4710		3.590e-06	3.590e-06	2.730e-06	2.220e-06	2.450e-06	2.520e-06	5.840e-06	1.520e-06	1.760e-06	2.430e-06	2.470e-06
4860		3.720e-06	3.710e-06	2.820e-06	2.290e-06	2.510e-06	2.560e-06	5.970e-06	1.550e-06	1.800e-06	2.500e-06	2.540e-06
5010		3.830e-06	3.820e-06	2.910e-06	2.360e-06	2.600e-06	2.670e-06	6.230e-06	1.610e-06	1.860e-06	2.580e-06	2.630e-06
5160		3.950e-06	3.940e-06	3.000e-06	2.430e-06	2.660e-06	2.710e-06	6.340e-06	1.630e-06	1.900e-06	2.000e-06	2.050e-06
5310		4.050e-06	4.050e-06	3.080e-06	2.510e-06	2.770e-06	2.830e-06	6.580e-06	1.730e-06	1.980e-06	2.740e-06	2.780e-06
5460		4.170e-06	4.160e-06	3.170e-06	2.580e-06	2.820e-06	2.870e-06	6.710e-06	1.740e-06	2.010e-06	2.820e-06	2.860e-06
5610		4.440e-06	4.430e-06	3.350e-06	2.750e-06	2.920e-06	2.980e-06	6.980e-06	1.800e-06	2.090e-06	2.950e-06	2.990e-06
5760		4.400e-06	4.390e-06	3.340e-06	2.710e-06	2.980e-06	3.020e-06	7.070e-06	1.820e-06	2.120e-06	2.220e-06	2.270e-06
5910		4.510e-06	4.500e-06	3.430e-06	2.780e-06	3.070e-06	3.150e-06	7.330e-06	1.900e-06	2.200e-06	3.040e-06	3.090e-06
6060		4.620e-06	4.620e-06	3.520e-06	2.850e-06	3.120e-06	3.180e-06	7.450e-06	1.930e-06	2.230e-06	3.130e-06	3.180e-06
6210		4.740e-06	4.740e-06	3.600e-06	2.920e-06	3.230e-06	3.300e-06	7.720e-06	1.990e-06	2.310e-06	3.200e-06	3.250e-06
6360		4.850e-06	4.850e-06	3.690e-06	2.990e-06	3.280e-06	3.330e-06	7.810e-06	2.020e-06	2.340e-06	2.440e-06	2.530e-06
6510		4.960e-06	4.960e-06	3.770e-06	3.070e-06	3.380e-06	3.470e-06	8.060e-06	2.090e-06	2.430e-06	3.360e-06	3.410e-06
6660		5.100e-06	5.090e-06	3.870e-06	3.240e-06	3.440e-06	3.490e-06	8.180e-06	2.150e-06	2.460e-06	3.560e-06	3.720e-06
6810		5.200e-06	5.180e-06	3.950e-06	3.210e-06	3.540e-06	3.620e-06	8.470e-06	2.180e-06	2.530e-06	3.500e-06	3.560e-06
6960		5.310e-06	5.310e-06	4.030e-06	3.270e-06	3.580e-06	3.650e-06	8.540e-06	2.200e-06	2.560e-06	2.680e-06	2.760e-06
7110		5.420e-06	5.420e-06	4.120e-06	3.350e-06	3.700e-06	3.790e-06	8.800e-06	2.280e-06	2.640e-06	3.670e-06	3.730e-06
7260		5.530e-06	5.530e-06	4.210e-06	3.420e-06	3.740e-06	3.800e-06	8.920e-06	2.310e-06	2.670e-06	3.740e-06	3.800e-06
7410		5.660e-06	5.650e-06	4.290e-06	3.480e-06	3.850e-06	3.940e-06	9.210e-06	2.370e-06	2.750e-06	3.810e-06	3.870e-06
7560		5.760e-06	5.760e-06	4.380e-06	3.550e-06	3.890e-06	3.970e-06	9.280e-06	2.400e-06	2.780e-06	2.910e-06	2.990e-06
7710		5.880e-06	5.870e-06	4.470e-06	3.630e-06	4.010e-06	4.110e-06	9.550e-06	2.490e-06	2.860e-06	3.980e-06	4.060e-06
7860		5.990e-06	5.980e-06	4.550e-06	3.690e-06	4.050e-06	4.120e-06	9.650e-06	2.500e-06	2.890e-06	4.050e-06	4.110e-06
8192		6.910e-06	6.900e-06	5.260e-06	4.440e-06	4.470e-06	4.580e-06	1.080e-05	3.000e-06	3.390e-06	3.260e-06	3.280e-06
16384		1.250e-05	1.380e-05	1.050e-05	8.860e-06	8.930e-06	9.130e-06	2.140e-05	5.980e-06	6.760e-06	6.490e-06	6.550e-06
32768		2.500e-05	2.760e-05	2.100e-05	1.770e-05	1.790e-05	1.830e-05	4.280e-05	1.200e-05	1.350e-05	1.300e-05	1.310e-05
65536		5.020e-05	5.550e-05	4.250e-05	3.620e-05	3.630e-05	3.730e-05	8.600e-05	2.490e-05	2.800e-05	2.670e-05	2.690e-05
131072		1.010e-04	1.110e-04	8.700e-05	7.670e-05	7.700e-05	7.820e-05	1.720e-04	6.380e-05	6.710e-05	6.420e-05	6.280e-05
262144		2.030e-04	2.220e-04	1.740e-04	1.540e-04	1.550e-04	1.570e-04	3.440e-04	1.310e-04	1.360e-04	1.340e-04	1.320e-04
524288		4.050e-04	4.430e-04	3.470e-04	3.070e-04	3.090e-04	3.130e-04	6.870e-04	2.620e-04	2.700e-04	2.670e-04	2.650e-04
1048576		8.210e-04	9.030e-04	7.020e-04	6.210e-04	6.250e-04	6.330e-04	1.400e-03	5.280e-04	5.470e-04	5.350e-04	5.300e-04
2097152		2.160e-03	2.320e-03	1.980e-03	1.800e-03	1.830e-03	1.840e-03	3.150e-03	1.610e-03	1.630e-03	1.560e-03	1.560e-03
4194304		5.050e-03	5.110e-03	4.530e-03	4.310e-03	4.610e-03	4.710e-03	6.890e-03	4.190e-03	4.350e-03	4.240e-03	4.260e-03
