len/func	s-vec		s-unr		split		kara		avx2		avx2u		
1			0.871		0.577		0.445		0.395		0.620		0.521		
2			0.839		0.687		0.415		0.361		0.683		0.410		
3			0.902		1.102		0.526		0.472		0.843		0.548		
4			0.893		1.308		0.504		0.531		1.512		0.603		
5			0.917		1.390		0.589		0.566		1.512		1.336		
6			0.928		1.000		0.441		0.425		1.152		0.966		
7			0.913		0.993		0.438		0.421		1.150		0.845		
8			0.893		1.027		0.404		0.426		1.473		0.808		
9			0.943		1.065		0.468		0.463		1.604		1.362		
10			0.925		1.049		0.432		0.438		1.553		1.278		
11			1.159		1.240		0.507		0.516		1.512		1.382		
12			1.290		1.437		0.517		0.589		2.105		1.500		
13			1.035		1.309		0.542		0.537		2.067		2.183		
14			0.907		1.018		0.434		0.446		1.625		1.692		
15			1.002		1.033		0.435		0.425		1.386		1.509		
16			0.990		1.107		0.456		0.443		1.823		1.499		
17			1.014		1.117		0.454		0.489		1.969		2.184		
18			1.002		1.082		0.424		0.464		1.772		2.006		
19			1.004		1.068		0.453		0.469		1.605		1.673		
20			1.000		1.087		0.441		0.461		2.044		1.568		
21			0.995		1.080		0.449		0.455		2.039		2.346		
22			1.000		1.076		0.452		0.472		2.024		2.282		
23			1.009		1.057		0.454		0.465		1.820		2.028		
24			1.010		1.013		0.445		0.465		2.125		1.868		
25			0.997		1.016		0.451		0.463		2.195		2.559		
26			1.017		1.062		0.461		0.470		2.097		2.274		
27			1.003		1.055		0.451		0.467		1.962		2.142		
28			1.019		1.051		0.458		0.478		2.344		2.199		
29			1.000		1.043		0.455		0.459		2.262		2.681		
30			0.990		1.060		0.454		0.473		2.271		2.419		
31			1.085		1.139		0.485		0.507		2.150		2.550		
32			1.009		1.089		0.451		0.455		2.407		3.245		
33			1.009		1.075		0.460		0.473		2.484		3.098		
34			1.000		1.083		0.457		0.472		2.237		2.677		
35			1.000		1.091		0.456		0.469		2.024		2.592		
36			0.984		1.088		0.449		0.469		2.249		2.686		
37			0.978		1.128		0.473		0.487		2.495		3.084		
38			1.013		1.353		0.567		0.571		2.865		3.397		
39			1.006		1.333		0.562		0.584		2.693		3.248		
40			0.994		1.365		0.570		0.595		3.133		3.447		
41			0.983		1.341		0.565		0.586		3.089		3.753		
42			1.000		1.346		0.545		0.579		2.796		3.199		
43			0.983		1.306		0.545		0.552		2.652		3.022		
44			1.034		1.331		0.557		0.584		3.088		3.401		
45			1.011		1.333		0.561		0.577		3.139		3.636		
46			0.989		1.308		0.542		0.568		2.913		3.275		
47			0.984		1.242		0.541		0.562		2.778		3.215		
48			0.980		1.236		0.536		0.564		3.065		3.362		
49			1.000		1.171		0.547		0.567		3.024		3.706		
50			1.005		1.211		0.529		0.560		2.823		3.206		
51			0.995		1.169		0.536		0.568		2.815		3.180		
52			0.981		1.191		0.518		0.552		3.135		3.344		
53			0.981		1.169		0.520		0.546		3.195		3.605		
54			1.056		1.243		0.562		0.581		3.041		3.472		
55			1.051		1.207		0.546		0.579		2.940		3.393		
56			1.077		1.354		0.559		0.593		2.974		3.715		
57			1.077		1.322		0.565		0.588		3.247		3.947		
58			1.099		1.231		0.571		0.595		2.941		3.456		
59			1.034		1.262		0.548		0.574		2.780		3.261		
60			1.066		1.279		0.544		0.568		2.740		3.486		
61			1.056		1.249		0.547		0.566		3.026		3.808		
62			1.068		1.244		0.545		0.569		2.890		3.439		
63			1.075		1.285		0.550		0.565		2.951		3.450		
64			1.067		1.308		0.530		0.563		3.312		4.381		
65			1.104		1.317		0.550		0.577		3.376		4.426		
66			1.073		1.293		0.544		0.566		2.928		3.701		
67			1.069		1.252		0.533		0.556		2.801		3.564		
68			1.076		1.264		0.532		0.556		3.206		3.867		
69			1.067		1.237		0.533		0.544		3.261		4.087		
70			1.051		1.211		0.516		0.545		2.906		3.595		
71			1.041		1.203		0.531		0.553		2.920		3.537		
72			1.068		1.232		0.528		0.552		3.267		3.782		
73			1.061		1.135		0.517		0.531		3.247		4.003		
74			1.060		1.080		0.513		0.543		2.802		3.542		
75			1.055		1.158		0.511		0.541		2.846		3.425		
76			1.070		1.199		0.514		0.538		2.976		3.663		
77			1.069		1.221		0.520		0.529		3.027		3.943		
78			1.054		1.162		0.513		0.536		2.882		3.534		
79			1.061		1.185		0.507		0.525		2.774		3.419		
80			1.038		1.265		0.498		0.526		3.081		3.644		
81			1.060		1.223		0.498		0.518		3.051		3.948		
82			1.066		1.225		0.490		0.516		2.675		3.462		
83			1.072		1.200		0.502		0.521		2.737		3.410		
84			1.043		1.246		0.491		0.517		2.962		3.668		
85			1.092		1.238		0.503		0.523		2.981		3.966		
86			1.071		1.205		0.488		0.511		2.741		3.475		
87			1.057		1.170		0.481		0.494		2.805		3.401		
88			1.056		1.190		0.475		0.507		3.077		3.612		
89			1.046		1.151		0.475		0.502		2.945		3.840		
90			1.048		1.178		0.477		0.500		2.778		3.414		
91			1.087		1.213		0.490		0.511		2.732		3.411		
92			1.064		1.169		0.476		0.495		3.074		3.601		
93			1.057		1.159		0.473		0.497		2.638		3.851		
94			1.044		1.156		0.469		0.490		2.775		3.310		
95			1.052		1.214		0.505		0.528		2.792		3.594		
96			1.024		1.169		0.468		0.492		2.746		4.047		
97			1.057		1.122		0.475		0.487		2.713		4.042		
98			1.061		1.115		0.460		0.480		2.692		3.465		
99			1.045		1.074		0.454		0.468		2.597		3.379		
100			1.047		0.997		0.459		0.480		2.878		3.766		
101			1.047		1.017		0.461		0.489		2.803		3.921		
102			1.035		1.088		0.453		0.472		2.546		3.387		
103			1.034		1.149		0.455		0.468		2.486		3.361		
104			1.037		1.064		0.461		0.484		2.780		3.670		
105			1.071		1.106		0.470		0.483		2.778		3.935		
106			1.047		1.103		0.457		0.481		2.717		3.440		
107			1.059		1.068		0.457		0.486		2.315		3.348		
108			1.061		1.111		0.455		0.484		2.639		3.725		
109			1.050		0.924		0.455		0.478		2.259		3.792		
110			1.027		0.964		0.445		0.462		2.250		3.287		
111			1.079		1.042		0.458		0.475		2.388		3.203		
112			1.049		1.152		0.450		0.469		2.777		3.642		
113			1.065		0.959		0.457		0.476		2.827		3.930		
114			1.043		0.978		0.445		0.473		2.579		3.379		
115			1.059		1.021		0.445		0.471		2.409		3.319		
116			1.044		1.173		0.456		0.484		2.020		3.670		
117			1.036		0.917		0.448		0.460		1.956		3.729		
118			1.068		0.964		0.447		0.466		1.902		3.392		
119			1.044		0.960		0.441		0.461		2.154		3.266		
120			1.041		1.125		0.449		0.474		2.120		3.616		
121			1.039		0.922		0.446		0.467		1.961		3.741		
122			1.041		0.925		0.438		0.457		1.971		3.213		
123			1.063		0.979		0.447		0.462		2.138		3.299		
124			1.040		1.143		0.439		0.465		2.029		3.586		
125			1.057		0.955		0.449		0.470		2.073		3.795		
126			1.037		0.936		0.437		0.456		2.014		3.254		
127			1.067		1.036		0.443		0.459		2.057		3.323		
128			1.039		1.133		0.435		0.470		2.068		3.908		
129			1.051		0.962		0.452		0.471		2.071		3.919		
130			1.009		0.949		0.432		0.452		1.986		3.131		
131			1.036		1.012		0.435		0.453		2.005		3.085		
132			1.053		1.168		0.438		0.457		2.126		3.590		
133			1.052		0.972		0.441		0.454		2.051		3.739		
134			1.049		1.044		0.434		0.452		2.107		3.292		
135			1.077		1.062		0.444		0.457		2.139		3.300		
136			1.037		1.147		0.439		0.459		2.083		3.587		
137			1.021		0.966		0.431		0.448		2.009		3.672		
138			1.020		0.978		0.425		0.447		2.004		3.132		
139			1.041		1.029		0.433		0.450		2.125		3.210		
140			1.029		1.108		0.436		0.453		2.139		3.554		
141			1.041		0.973		0.431		0.415		2.095		3.748		
142			1.029		1.024		0.424		0.440		2.062		3.186		
143			1.048		1.037		0.433		0.445		2.079		3.216		
144			1.026		1.123		0.428		0.449		2.030		3.485		
145			1.047		0.975		0.433		0.445		2.079		3.659		
146			1.037		0.992		0.437		0.453		2.116		3.260		
147			1.028		1.011		0.432		0.448		2.065		3.151		
148			1.046		1.145		0.426		0.429		2.119		3.563		
149			1.030		0.968		0.427		0.443		2.082		3.632		
150			1.062		1.069		0.430		0.445		2.139		3.208		
151			1.019		1.000		0.422		0.441		2.042		3.161		
152			1.045		1.134		0.427		0.420		2.144		3.584		
153			1.034		0.884		0.425		0.444		2.125		3.625		
154			1.065		0.984		0.432		0.452		2.117		3.223		
155			1.025		0.994		0.426		0.442		2.053		3.119		
156			1.045		1.146		0.418		0.464		2.189		3.617		
157			1.035		0.903		0.427		0.442		2.100		3.452		
158			1.026		1.018		0.417		0.435		2.070		3.117		
159			1.014		0.973		0.416		0.433		2.053		3.110		
160			1.022		0.987		0.423		0.445		2.107		3.765		
161			1.042		0.898		0.428		0.421		2.195		3.809		
162			1.032		1.055		0.420		0.438		2.076		3.211		
163			1.033		1.017		0.427		0.441		2.059		3.201		
164			1.022		1.137		0.424		0.439		2.080		3.551		
165			1.038		0.891		0.423		0.434		2.108		3.621		
166			1.031		1.048		0.410		0.404		2.134		3.221		
167			1.039		0.960		0.414		0.434		2.086		3.160		
168			1.029		1.139		0.423		0.444		2.107		3.507		
169			1.053		0.917		0.426		0.443		2.138		3.655		
170			1.013		0.917		0.419		0.435		2.093		3.158		
171			1.017		0.909		0.415		0.435		2.045		3.103		
172			1.048		1.102		0.424		0.424		2.417		3.625		
173			1.046		0.912		0.424		0.441		2.335		3.487		
174			1.030		1.013		0.411		0.427		2.108		3.120		
175			1.041		0.977		0.415		0.431		2.098		3.141		
176			1.018		1.104		0.418		0.438		2.140		3.450		
177			1.041		0.913		0.422		0.446		2.246		3.689		
178			1.026		0.941		0.416		0.435		1.954		3.129		
179			1.018		0.964		0.415		0.412		2.007		3.146		
180			1.020		1.064		0.417		0.436		2.208		3.351		
181			1.031		0.922		0.415		0.434		2.293		3.570		
182			1.040		1.072		0.419		0.438		2.094		3.158		
183			1.022		0.976		0.410		0.429		2.065		3.081		
184			1.016		1.067		0.413		0.435		2.324		3.458		
185			1.032		0.914		0.414		0.430		2.165		3.556		
186			1.034		0.936		0.415		0.433		2.112		3.145		
187			1.035		0.987		0.421		0.440		2.120		3.179		
188			1.028		1.064		0.413		0.432		2.192		3.491		
189			1.032		0.936		0.418		0.436		2.356		3.636		
190			1.026		1.003		0.406		0.424		2.067		3.079		
191			1.042		0.958		0.414		0.432		2.098		3.109		
192			1.042		1.071		0.414		0.439		2.234		3.733		
193			1.043		0.941		0.417		0.431		2.212		3.683		
194			1.014		0.945		0.406		0.426		2.102		3.142		
195			1.013		0.971		0.411		0.428		2.097		3.130		
196			1.017		1.112		0.413		0.430		2.160		3.509		
197			1.029		0.935		0.411		0.426		2.223		3.582		
198			1.037		1.032		0.408		0.425		2.155		3.122		
199			1.023		0.959		0.403		0.419		2.125		3.075		
200			1.016		1.096		0.412		0.432		2.184		3.492		
350			1.020		1.079		0.383		0.401		2.239		2.971		
500			0.993		0.893		0.384		0.401		2.500		3.447		
650			0.989		0.989		0.376		0.393		2.306		3.007		
800			0.978		1.084		0.374		0.391		2.632		3.448		
950			0.978		1.056		0.371		0.397		2.413		3.020		
1100		0.975		1.112		0.381		0.399		2.711		3.422		
1250		0.992		1.034		0.393		0.407		2.497		3.204		
1400		0.978		1.182		0.385		0.404		2.776		3.308		
1550		0.982		1.032		0.387		0.405		2.486		3.112		
1700		0.962		1.185		0.389		0.408		2.842		3.522		
1850		0.976		0.936		0.389		0.407		2.449		3.112		
2000		0.976		1.177		0.394		0.414		2.838		3.665		
2150		0.972		1.115		0.390		0.408		2.520		3.085		
2300		0.962		1.194		0.393		0.410		2.917		3.500		
2450		0.980		1.094		0.401		0.419		2.469		3.292		
2600		0.971		1.198		0.399		0.407		3.048		3.735		
2750		0.960		1.143		0.395		0.411		2.592		3.198		
2900		0.971		1.210		0.404		0.422		3.018		3.707		
3050		0.972		1.099		0.406		0.427		2.565		3.116		
3200		1.020		1.354		0.443		0.464		2.633		3.260		
3350		1.018		1.152		0.460		0.481		2.061		2.621		
3500		1.000		1.147		0.443		0.488		2.468		3.000		
3650		1.000		1.196		0.452		0.475		1.961		2.574		
3800		1.008		1.147		0.448		0.470		2.345		2.874		
3950		1.007		1.143		0.461		0.500		2.132		2.651		
4100		1.007		1.207		0.467		0.486		2.509		3.024		
4250		1.000		1.203		0.454		0.477		1.964		2.549		
4400		1.007		1.210		0.466		0.487		2.455		2.982		
4550		1.058		1.235		0.485		0.508		2.168		2.694		
4700		1.000		1.111		0.465		0.483		2.465		2.936		
4850		1.000		1.200		0.445		0.486		2.012		2.596		
5000		1.006		1.175		0.459		0.477		2.467		3.000		
5150		1.011		1.218		0.469		0.489		2.136		2.656		
5300		1.006		1.169		0.463		0.476		2.507		3.005		
5450		0.995		1.245		0.456		0.478		2.018		2.603		
5600		1.005		1.194		0.465		0.482		2.487		3.046		
5750		1.005		1.162		0.454		0.475		2.097		2.611		
5900		1.000		1.178		0.455		0.490		2.500		2.988		
6050		0.990		1.245		0.457		0.489		2.030		2.599		
6200		0.990		1.169		0.458		0.480		2.467		2.993		
6350		1.009		1.186		0.461		0.493		2.127		2.650		
6500		1.000		1.176		0.462		0.485		2.503		2.993		
6650		1.004		1.216		0.473		0.504		2.062		2.667		
6800		1.000		1.215		0.465		0.498		2.519		3.053		
6950		0.967		1.176		0.455		0.476		2.035		2.557		
7100		0.972		1.198		0.464		0.484		2.469		2.962		
7250		1.004		1.263		0.461		0.482		1.992		2.579		
7400		1.004		1.186		0.459		0.480		2.417		2.961		
7550		1.008		1.209		0.466		0.487		2.080		2.637		
7700		1.004		1.205		0.466		0.488		2.467		2.993		
7850		0.992		1.245		0.458		0.481		1.899		2.614		
8000		1.007		1.213		0.467		0.488		2.459		3.003		
8192		1.014		1.235		0.482		0.503		2.535		3.098		
16384		0.989		1.190		0.461		0.489		2.447		3.016		
32768		0.991		1.210		0.471		0.491		2.484		3.005		
65536		1.022		1.251		0.499		0.520		2.629		3.158		
131072		1.000		1.249		0.475		0.503		2.257		2.439		
262144		0.996		1.185		0.487		0.485		1.576		1.625		
524288		1.044		1.181		0.542		0.564		1.693		1.853		
1048576		1.010		1.137		0.506		0.523		1.703		2.267		
2097152		1.014		0.959		0.441		0.446		1.294		1.330		
4194304		0.997		1.006		0.705		0.725		1.243		1.297		
