function: (64-bit) modular scalar-vector product
unit: all measurements in seconds
profiled: seq no-vec | seq auto-vec | seq loop-unrolled | flint | avx2 | avx2 loop-unrolled | avx512 | avx512 loop-unrolled
bitsize: 60

len/func	s-novec		s-vec		s-unr		flint		avx2		avx2u		avx512		avx512u
10		1.380e-08	1.410e-08	1.330e-08	1.460e-08	1.300e-08	1.430e-08	8.730e-09	1.100e-08
35		3.860e-08	3.860e-08	4.080e-08	3.850e-08	3.530e-08	3.480e-08	1.800e-08	1.860e-08
60		6.250e-08	6.240e-08	6.580e-08	6.190e-08	5.590e-08	5.630e-08	2.940e-08	3.030e-08
85		8.650e-08	8.640e-08	9.030e-08	8.570e-08	7.840e-08	7.630e-08	3.940e-08	3.930e-08
110		1.110e-07	1.100e-07	1.140e-07	1.100e-07	1.000e-07	1.000e-07	4.950e-08	5.140e-08
135		1.340e-07	1.340e-07	1.380e-07	1.310e-07	1.220e-07	1.200e-07	5.900e-08	5.890e-08
160		1.630e-07	1.640e-07	1.610e-07	1.550e-07	1.430e-07	1.410e-07	6.250e-08	6.240e-08
185		1.880e-07	1.880e-07	1.840e-07	1.780e-07	1.650e-07	1.630e-07	7.270e-08	7.320e-08
210		2.090e-07	2.100e-07	2.080e-07	2.020e-07	1.880e-07	1.840e-07	8.300e-08	8.330e-08
360		3.530e-07	3.530e-07	3.400e-07	3.380e-07	3.170e-07	3.100e-07	1.360e-07	1.370e-07
510		4.970e-07	4.960e-07	4.730e-07	4.770e-07	4.500e-07	4.380e-07	1.980e-07	1.960e-07
660		6.390e-07	6.380e-07	6.170e-07	6.190e-07	5.850e-07	5.640e-07	2.520e-07	2.510e-07
810		7.820e-07	7.830e-07	7.480e-07	7.580e-07	7.150e-07	6.910e-07	3.060e-07	3.030e-07
960		9.240e-07	9.260e-07	8.730e-07	8.930e-07	8.440e-07	8.150e-07	3.590e-07	3.560e-07
1110		1.070e-06	1.060e-06	1.010e-06	1.040e-06	9.760e-07	9.450e-07	4.200e-07	4.160e-07
1260		1.210e-06	1.210e-06	1.130e-06	1.170e-06	1.100e-06	1.070e-06	4.790e-07	4.710e-07
1410		1.360e-06	1.350e-06	1.270e-06	1.310e-06	1.230e-06	1.190e-06	5.330e-07	5.230e-07
1560		1.500e-06	1.490e-06	1.400e-06	1.440e-06	1.370e-06	1.330e-06	6.460e-07	6.350e-07
1710		1.640e-06	1.640e-06	1.530e-06	1.580e-06	1.500e-06	1.450e-06	6.460e-07	6.370e-07
1860		1.780e-06	1.780e-06	1.660e-06	1.720e-06	1.630e-06	1.570e-06	7.000e-07	6.900e-07
2010		1.920e-06	1.920e-06	1.790e-06	1.870e-06	1.760e-06	1.700e-06	7.550e-07	7.440e-07
2160		2.070e-06	2.070e-06	1.930e-06	2.000e-06	1.890e-06	1.830e-06	8.090e-07	7.970e-07
2310		2.220e-06	2.220e-06	2.040e-06	2.140e-06	2.020e-06	1.960e-06	8.700e-07	8.580e-07
2460		2.360e-06	2.350e-06	2.170e-06	2.280e-06	2.150e-06	2.080e-06	9.220e-07	9.110e-07
2610		2.490e-06	2.500e-06	2.310e-06	2.410e-06	2.280e-06	2.210e-06	1.070e-06	1.050e-06
2760		2.640e-06	2.650e-06	2.450e-06	2.550e-06	2.410e-06	2.340e-06	1.030e-06	1.020e-06
2910		2.790e-06	2.780e-06	2.590e-06	2.690e-06	2.550e-06	2.470e-06	1.090e-06	1.080e-06
3060		2.920e-06	2.930e-06	2.710e-06	2.840e-06	2.670e-06	2.590e-06	1.150e-06	1.130e-06
3210		3.080e-06	3.070e-06	2.850e-06	2.970e-06	2.820e-06	2.720e-06	1.310e-06	1.190e-06
3360		3.220e-06	3.220e-06	2.970e-06	3.110e-06	2.950e-06	2.850e-06	1.430e-06	1.240e-06
3510		3.360e-06	3.370e-06	3.130e-06	3.250e-06	3.080e-06	2.980e-06	1.500e-06	1.300e-06
3660		3.510e-06	3.500e-06	3.220e-06	3.380e-06	3.200e-06	3.100e-06	1.560e-06	1.370e-06
3810		3.640e-06	3.650e-06	3.360e-06	3.530e-06	3.340e-06	3.230e-06	1.620e-06	1.410e-06
3960		3.790e-06	3.790e-06	3.530e-06	3.660e-06	3.470e-06	3.360e-06	1.690e-06	1.460e-06
4110		4.000e-06	4.000e-06	3.860e-06	3.910e-06	3.910e-06	3.750e-06	1.810e-06	1.640e-06
4260		4.070e-06	4.070e-06	3.780e-06	3.950e-06	3.720e-06	3.610e-06	1.820e-06	1.570e-06
4410		4.220e-06	4.220e-06	3.930e-06	4.090e-06	3.860e-06	3.740e-06	1.890e-06	1.630e-06
4560		4.360e-06	4.360e-06	4.020e-06	4.220e-06	3.990e-06	3.870e-06	1.930e-06	1.680e-06
4710		4.510e-06	4.510e-06	4.150e-06	4.360e-06	4.120e-06	4.000e-06	2.010e-06	1.740e-06
4860		4.650e-06	4.650e-06	4.300e-06	4.500e-06	4.240e-06	4.120e-06	2.080e-06	1.790e-06
5010		4.790e-06	4.790e-06	4.420e-06	4.650e-06	4.380e-06	4.260e-06	2.130e-06	1.860e-06
5160		4.940e-06	4.930e-06	4.560e-06	4.770e-06	4.520e-06	4.390e-06	2.190e-06	2.100e-06
5310		5.080e-06	5.080e-06	4.720e-06	4.920e-06	4.640e-06	4.510e-06	2.270e-06	1.960e-06
5460		5.210e-06	5.220e-06	4.850e-06	5.060e-06	4.760e-06	4.620e-06	2.330e-06	2.030e-06
5610		5.360e-06	5.360e-06	4.990e-06	5.190e-06	4.910e-06	4.770e-06	2.400e-06	2.080e-06
5760		5.510e-06	5.500e-06	5.110e-06	5.330e-06	5.030e-06	4.880e-06	2.440e-06	2.130e-06
5910		5.650e-06	5.650e-06	5.200e-06	5.480e-06	5.170e-06	5.020e-06	2.520e-06	2.190e-06
6060		5.800e-06	5.790e-06	5.360e-06	5.610e-06	5.290e-06	5.130e-06	2.590e-06	2.240e-06
6210		5.940e-06	5.930e-06	5.500e-06	5.750e-06	5.430e-06	5.270e-06	2.650e-06	2.370e-06
6360		6.080e-06	6.080e-06	5.620e-06	5.880e-06	5.560e-06	5.390e-06	2.700e-06	2.350e-06
6510		6.230e-06	6.220e-06	5.750e-06	6.040e-06	5.690e-06	5.520e-06	2.780e-06	2.410e-06
6660		7.360e-06	7.370e-06	6.480e-06	6.890e-06	9.200e-06	9.150e-06	4.140e-06	3.840e-06
6810		6.500e-06	6.510e-06	5.990e-06	6.300e-06	5.960e-06	5.790e-06	2.910e-06	2.520e-06
6960		6.660e-06	6.660e-06	6.120e-06	6.440e-06	6.080e-06	5.900e-06	2.950e-06	2.570e-06
7110		6.790e-06	6.800e-06	6.270e-06	6.590e-06	6.210e-06	6.040e-06	3.040e-06	2.630e-06
7260		6.930e-06	6.940e-06	6.380e-06	6.710e-06	6.330e-06	6.150e-06	3.100e-06	2.680e-06
7410		7.080e-06	7.080e-06	6.520e-06	6.860e-06	6.480e-06	6.290e-06	3.160e-06	2.740e-06
7560		7.220e-06	7.220e-06	6.640e-06	6.990e-06	6.610e-06	6.410e-06	3.220e-06	2.790e-06
7710		7.360e-06	7.370e-06	6.790e-06	7.140e-06	6.730e-06	6.550e-06	3.320e-06	2.980e-06
7860		7.510e-06	7.510e-06	6.900e-06	7.270e-06	6.850e-06	6.660e-06	3.340e-06	2.900e-06
8192		8.910e-06	8.980e-06	7.790e-06	8.470e-06	8.400e-06	8.260e-06	3.740e-06	3.380e-06
16384		1.560e-05	1.780e-05	1.540e-05	1.680e-05	1.670e-05	1.620e-05	7.470e-06	7.750e-06
32768		3.130e-05	3.580e-05	3.270e-05	3.350e-05	3.360e-05	3.270e-05	1.490e-05	1.550e-05
65536		6.270e-05	7.320e-05	6.200e-05	6.680e-05	6.730e-05	6.820e-05	3.130e-05	2.900e-05
131072		1.250e-04	1.450e-04	1.260e-04	1.380e-04	1.360e-04	1.320e-04	7.210e-05	6.620e-05
262144		2.490e-04	2.880e-04	2.510e-04	2.680e-04	2.720e-04	2.620e-04	1.480e-04	1.340e-04
524288		5.000e-04	1.390e-03	1.350e-03	1.370e-03	1.370e-03	1.360e-03	7.680e-04	7.560e-04
1048576		1.010e-03	3.670e-03	3.660e-03	3.650e-03	3.650e-03	3.630e-03	2.060e-03	2.030e-03
2097152		2.380e-03	8.110e-03	8.120e-03	8.080e-03	8.100e-03	8.110e-03	4.790e-03	4.780e-03
4194304		5.180e-03	5.080e-03	5.000e-03	5.060e-03	5.020e-03	4.620e-03	4.080e-03	4.140e-03
